288.802467173793
239.227894317244
250.447971756113
250.447843053135
280.880337207172
280.880412638010
247.887971186360
247.887776550678
274.790872934358
274.791665408229
245.773661399934
245.773985271386
269.630087032131
269.630361073041
244.032193611390
244.032357619159
265.025509092897
265.025177612417
242.578596701986
242.578480544529
260.814594874346
260.814065638175
241.333946367047
241.333652537843
256.955383413552
256.955653838642
240.234186988071
240.234159424488
253.479882131162
253.480024978815
255.001387859047
254.998863898488
240.066688708011
240.066779046378
251.186228441973
251.186728701484
288.967363748714
239.197230349527
248.111965014618
248.111510701192
281.078064095046
281.077988341646
245.798933166231
245.800790370727
274.801523173029
274.800201054630
244.114065223589
244.111804616083
269.273248685364
269.273002586608
242.848643325458
242.848759367123
264.165829600422
264.165627588827
241.827468673123
241.827607646436
259.384225318004
259.387809025730
240.925855834530
240.926689295173
240.905155859120
240.906063755140
268.677945894638
268.678514775911
240.589992325466
240.590470195374
262.602111673698
262.601198531266
240.406795845818
240.406465661570
256.683962629240
256.682335965772
240.157315263563
240.156508746117
251.207921874076
251.211063776021
239.749125546543
239.749186036922
246.679704209694
246.679625441312
289.292510493029
239.138422610826
243.508777054477
243.508844851177
281.512512594126
281.512509727731
241.715232305208
241.713149966651
274.892610084523
274.893603662477
239.318801010038
239.318886822312
239.963408680714
239.961520441938
289.785317362849
239.056101507352
236.623671192751
236.625194846958
282.229915581240
282.229964549329
235.732710175272
235.732901098942
275.215147484306
275.214895442641
236.346552511280
236.347323842032
268.089427509418
268.089780587765
237.460239566068
237.459959239817
260.636801730941
260.637459876722
238.469069837788
238.468885820604
252.994178260689
252.992404813306
239.116065143273
239.116312368895
245.745319531692
245.744974719143
233.760207452968
233.760107221084
258.750001480845
258.750340057566
236.234989004356
236.235328085910
248.760326279215
248.758941512308
237.924271173333
237.923802983662
238.743407039313
238.748449697204
238.820148286783
238.820175980809
230.758434459996
230.754501586395
290.441718943631
238.957274712769
227.144959459295
227.147815538556
283.317402033244
283.317059143469
227.885923035028
227.883847323874
275.974895714493
275.974877633037
230.711899951446
230.712310286611
267.864077922615
267.863292199836
291.263792870886
238.849200915528
214.052044279573
214.048462806553
284.874369840198
284.874121013124
218.170710211227
218.172678597108
277.438702064019
277.438666059986
224.453769062717
224.453147943236
268.494433434684
268.494857964609
229.908735393539
229.909049168991
257.662717824230
257.660063109961
233.975820641852
233.975689909291
244.757501781217
244.762987419156
236.722387927228
236.722298450463
230.441292395501
230.432807214664
238.307810085055
238.307565353907
218.095437399289
218.101337531648
258.445451559889
258.448926306665
231.989769051354
231.989775566491
242.519608789655
242.515361380229
235.652752338799
235.652992185494
221.900847802249
221.897900861435
237.832928446560
237.833040369674
199.294259365316
199.293691510811
292.285620336234
238.739638081214
194.501335394612
194.501553088509
287.011413374856
287.012104499137
207.087305934730
207.087232211115
279.946267148308
279.947313037610
218.426914242838
218.426341973516
270.633322343718
270.633426083513
226.459553149742
226.460082312661
158.748278726747
158.751238730318
289.919645965613
289.918997941437
197.505957159370
197.506479347275
283.968487385539
283.967769091875
214.050948308562
214.051993677995
275.196212587873
275.197027544531
224.022023670161
224.020594410537
262.769658164600
262.768694992963
230.551664947552
230.551302071595
245.028006749647
245.029594232240
234.836242238612
234.836262260041
218.043386741774
218.044494737774
237.438296752390
237.438256370864
165.225101550665
165.242569871539
293.390660074718
238.635017200974
231.532714839661
231.534563648569
258.739962690950
258.740404795005
235.406736764427
235.406201857662
233.289203064703
233.288942801368
237.693379358971
237.693086289358
179.719853618153
179.716895211792
294.926425886518
238.597325896001
164.699605898855
164.682155316071
294.162650369289
294.163652632697
200.594142839716
200.592759839542
290.855287861653
290.856376916207
216.159842774707
216.156808260380
284.564682732172
284.562325697904
225.497062279800
225.502537078274
274.432805060373
274.429520530287
298.867192004482
298.865509821691
224.469760884940
224.473267609951
298.723464160321
298.718054134099
230.900581124439
230.907029106283
295.651214349983
295.652038939656
235.332118757316
235.324046939235
288.943462801604
288.948721371023
237.915753197517
237.914969586076
277.358198277585
277.356003777849
239.125269023218
239.128661312576
258.906036204570
258.905452418641
239.363735355025
239.364481142501
233.510941242242
233.510712565918
296.489032875451
238.994229252826
219.624706732451
219.625287711872
296.192277309753
296.196553703755
244.273551594491
244.269558364130
284.367686208353
284.363231511503
241.673079985009
241.670837894243
269.389859550744
269.393932029549
297.960331747191
239.392266926800
257.491203894479
257.485137143109
303.332113098117
303.336642778128
252.302301548841
252.311866191455
306.289671735068
306.295775515483
250.358280686402
250.350949708832
306.492697751760
306.491581299909
248.765353223795
248.770073280335
303.375228619226
303.371259094308
246.736312198265
246.737262577569
277.997635628596
277.992568657000
313.277462509556
313.277249468063
270.330529737013
270.332077911176
316.619712715455
316.617280884548
263.252557755190
263.252089736579
317.006103513622
317.006665497133
256.431776100204
256.433419611799
313.925023220391
313.923552909831
249.977291786829
249.977413742236
307.106510806895
307.110593386131
244.235685061478
244.236879383784
297.351406921789
297.347964756169
299.294287616809
239.869658454998
286.984831643960
286.988755689185
307.416858398301
307.414360246565
255.503752059770
255.504484882597
326.496152369639
326.499288023793
246.727663350724
246.727973590043
319.956534499710
319.957844178699
300.428379557303
240.326324476481
310.731856764354
310.730666649643
310.919507699853
310.918793496425
299.951654526993
299.949366613737
319.356368499586
319.354675608683
288.490520160383
288.493963521555
325.547394421352
325.548447052667
276.937575325062
276.936978683890
329.121716466453
329.122958212854
265.765577701008
265.765116796715
329.577384129762
329.571454137960
303.440467800543
303.439830574842
332.798502369258
332.800206019857
288.446198245514
288.446743997954
339.036046249354
339.030222128286
273.720821656042
273.720594688737
342.357290617137
342.362634092591
260.244801115009
260.243690206223
342.108941684522
342.109307668703
248.868947044849
248.869093870897
337.770208980929
337.768422914566
301.321081947524
240.712824113931
329.348974696862
329.350131503428
313.698150016129
313.697675751691
317.523923188772
317.523823970674
324.230190447463
324.235286905936
250.433032528013
250.433098424621
350.383499422942
350.383828276730
301.938481047012
240.998567306113
342.483882137575
342.483893660371
315.633104966432
315.632384614448
329.968471537336
329.967118539580
327.656164172527
327.650836795449
314.136556569971
314.137821438038
337.927053810691
337.926334275782
296.752856397735
296.754153335179
346.099582443553
346.102640387201
279.498726611125
279.498515999882
351.510452335691
351.513052913419
263.703517760012
263.702915367892
353.243652466852
353.240552629619
340.588711110310
340.589409466265
301.114479014650
301.113507697948
349.794255783533
349.793541921546
282.536826363467
282.537551738759
356.311952637195
356.311092275322
265.521295345128
265.522941387576
359.093469118638
359.093681463993
251.259418368212
251.259519115711
357.007307783095
357.007262096128
302.252515578171
241.144482586198
349.365483481783
349.365706085881
316.620572825155
316.620834357072
336.475684305859
336.476333684326
329.412518971091
329.414788882041
319.732940047140
319.731387392130
357.007150463560
357.007416391573
302.252515578171
241.144482586198
349.365817117574
349.365365911635
316.620813975042
316.620711409124
336.476512546494
336.475454394140
329.414534683828
329.413400473043
319.731095992799
319.733436254775
340.589300979433
340.588945998735
301.113367937844
301.114814216824
349.793701465345
349.794013317474
282.537637648785
282.536519189116
356.311402731205
356.311587206073
265.523118395596
265.520294643084
359.093498284636
359.093653989866
251.259531445519
251.259297326009
296.753884647491
296.754699414186
346.101007969977
346.100944553625
279.498172011346
279.499221855759
351.508708435759
351.511320482466
263.700750122843
263.706933401643
353.243799034252
353.240414413484
250.432848690841
250.433459126214
350.383105442220
350.384214674924
301.938481047012
240.998567306113
342.484633899971
342.483127153225
315.632700515106
315.632590748994
329.963655236409
329.972231613640
327.653089942494
327.652954176138
314.139789316995
314.126387034537
337.926661171848
337.926642775336
301.321081947524
240.712824113931
329.349998950721
329.350217395956
313.697968424106
313.697768345814
317.524295547441
317.523428703798
324.232226041690
324.233884362268
303.441487065222
303.439197326656
332.799122332566
332.799718898900
288.448456837342
288.451654284440
339.035516434611
339.034563319421
273.721754886788
273.719406920399
342.361191840444
342.362108885044
260.246622497367
260.241046464746
342.108874722629
342.109370747904
248.868867053905
248.869250745794
337.771496562066
337.771315424658
329.121852194579
329.122842766823
265.765975166909
265.764610911167
329.577851251532
329.571033367197
255.503335855987
255.505089223027
326.495053057788
326.500323325740
246.727582090841
246.728132984991
319.957746063044
319.953500848593
300.428379557303
240.326324476481
310.724879959654
310.729582440819
310.919317106334
310.918890661040
299.954040275685
299.946834072777
319.355910436691
319.354991065519
288.486735146473
288.498169746165
325.547625728859
325.548265313011
276.938208174453
276.936234574586
286.982565261735
286.991066314444
307.416413983749
307.414586753671
277.999871737661
277.990194809652
313.277428198271
313.277273102120
270.329915975956
270.332759882634
316.619507309458
316.617442211044
263.252734980045
263.251881342877
317.006066331558
317.006697113929
256.431218269699
256.434129682980
313.925481720889
313.923140221883
249.977260362074
249.977459363582
307.104017973739
307.112941158731
244.235521177172
244.237200925182
297.353888724547
297.345530360381
299.294287616809
239.869658454998
246.736224844287
246.737373769029
296.189291970537
296.199238859106
244.273939914843
244.269013523059
284.372828617356
284.358387097902
241.673223561290
241.670556373391
269.386236052550
269.397485739657
297.960331747191
239.392266926800
257.493214524168
257.483088082887
303.332569124813
303.336410195613
252.301297891216
252.312932130940
306.290016139086
306.295537768738
250.358727031860
250.350454205202
306.492765188002
306.491528300859
248.765011254563
248.770475631781
303.376383328926
303.370276896891
224.470408040660
224.472580648252
298.723753412145
298.717854574515
230.901743126739
230.905738164581
295.651021467404
295.652190474104
235.331063780346
235.325287945738
288.940208528047
288.951488317949
237.915695621492
237.915042875595
277.361665980685
277.352882671860
239.125366101942
239.128520622304
258.908225822265
258.903389766595
239.363731713349
239.364488303656
233.511278973303
233.510381326983
296.489032875451
238.994229252826
219.624696055116
219.625298599832
298.867145564061
298.865533480758
235.404589395772
235.405755485231
233.288004291195
233.290072071874
237.693359615719
237.693125022774
179.707679713139
179.728832952217
294.926425886518
238.597325896001
164.691079511019
164.690850798735
294.162601892108
294.163677336660
200.593435877386
200.593510313283
290.855091824339
290.849994508465
216.158493045430
216.158308107161
284.557416657387
284.563539404668
225.498995570022
225.500264030643
274.436661980593
274.426239974396
231.533231788318
231.532269763263
258.737460804054
258.742656252751
283.967511565029
283.970873532848
214.052383745782
214.050398601693
275.202320543710
275.198345334701
224.019934761222
224.023050537241
262.765135480582
262.772541162531
230.552358667459
230.551160436197
245.030748582285
245.027126757184
234.835349110242
234.836071246156
218.044621786089
218.043331293728
237.438319996882
237.438210772137
165.236672429120
165.231223491102
293.390660074718
238.635017200974
158.757599179205
158.741733589243
289.919760259150
289.918939671220
197.506710426283
197.505679719642
221.898617797023
221.900001533226
237.832897615633
237.833100826915
199.294010343791
199.293935745607
292.285620336234
238.739638081214
194.501219754397
194.501670994514
287.011172190983
287.012227472909
207.086115384448
207.088496041541
279.944703017632
279.948390214956
218.424872805204
218.428610174650
270.633754065552
270.633086886796
226.461624326260
226.457646677599
258.450522098669
258.444614097477
231.989913613682
231.989591567241
242.515313160667
242.519227399445
235.652374003144
235.653541336985
224.455490348939
224.451233167670
268.495142398001
268.494300861487
229.907799492407
229.910149621620
257.659982664426
257.662389119575
233.976010634038
233.975448117830
244.761853121280
244.759071301633
236.722438074086
236.722225635723
230.436073433595
230.437723457731
238.307845751836
238.307495351842
218.097670289600
218.099148490489
291.263792870886
238.849200915528
214.052284275762
214.048218005110
284.874522903075
284.873112833285
218.168623766945
218.174893348571
277.438948986839
277.438477368642
238.820146629612
238.820179231034
230.757001942292
230.755906719523
290.441718943631
238.957274712769
227.145218984784
227.147550925917
283.317355234973
283.317468312427
227.886531652369
227.883201075237
275.976294296689
275.974916416228
230.711639069817
230.712600137979
267.863176146473
267.864000698002
233.760278349178
233.760023853465
258.750284120348
258.750099696544
236.234815307802
236.235549149300
248.759384416374
248.759789213562
237.924387909414
237.923633498966
238.746155285030
238.745861196048
268.089766176509
268.089514509506
237.460302046780
237.459885767868
260.637292480030
260.637042516912
238.469101463877
238.468845563609
252.993067669781
252.993404334629
239.116046909610
239.116338836202
245.745143680791
245.745140364925
239.318801333824
239.318886185996
239.962699120481
239.963041694005
289.785317362849
239.056101507352
236.626061858899
236.625413456636
282.229774776024
282.230036333678
235.732708873440
235.732902480506
275.214716345367
275.215192377520
236.346417213680
236.347474155702
246.678928924165
246.678578851496
289.292510493029
239.138422610826
243.508161503833
243.508824606004
281.512400245807
281.512567015047
241.714859426580
241.713545728755
274.893974420147
274.892663861695
240.905232488140
240.905978582121
268.678446577218
268.678121410636
240.590009608975
240.590449861094
262.601455730078
262.601756365507
240.406782433694
240.406482707982
256.682974883132
256.683224869414
240.157266453331
240.156579257961
251.209548472042
251.209531461538
239.749129714543
239.749177862351
242.848672728856
242.848724791750
264.165676332760
264.165757932379
241.827499900803
241.827567901017
259.386612621271
259.385660653977
240.926023194901
240.926445982334
254.999909916377
255.000256125997
240.066702601455
240.066751785448
251.186479409394
251.186482562653
288.967363748714
239.197230349527
248.111769187423
248.111710368926
281.077843692721
281.078100674406
245.799600839412
245.800081534666
274.799905915938
274.801315132235
244.113387192007
244.112557899072
269.273026258286
269.273177352160
239.227894317244
250.447882321832
250.447934240091
280.880457877572
280.880351115520
247.887845429768
247.887910058235
274.791812129803
274.791018510489
245.773858005864
245.773766828311
269.630367272353
269.630140886378
244.032285231685
244.032249881880
265.025201911224
265.025438844213
242.578537244885
242.578556216960
260.814144224594
260.814471243276
241.333814474005
241.333844016547
256.955599059405
256.955450713292
240.234177558516
240.234177919500
253.479988275206
253.479920875019
288.802467173793