202.874881103067
195.902218683648
210.504090804398
210.645542061905
205.845619726943
205.220393130662
160.495912218344
153.749303874608
114.269363226095
99.1661439806372
197.025814917916
181.644913103561
198.185662819742
196.649603302972
180.910124305433
191.703550798990
209.090706374735
209.690176347221
192.607875810238
215.724804923130
204.792116930757
182.052636110426
188.597081351648
177.171719543499
211.188609112335
205.340041716233
222.815502079983
226.407714108357
233.297244108571
233.443606565801
221.415072539211
214.137236627465
218.643124445558
218.786500757644
244.172941581548
244.384803454460
237.978803019757
238.680607480192
230.059880798661
226.298753927736
212.440683685147
207.647460363961
207.689461348089
213.398438424045
214.448301370863
192.521807724199
228.293406785211
222.334069372290
222.736633296187
222.410210661236
202.219129350436
215.084328803166
210.239376111423
200.105808608983
201.300524888478
218.166698515746
214.385781926239
226.734378222786
224.669951055042
235.611021283902
235.789244426730
233.689450493863
233.850610796300
243.264292746823
243.351470630285
237.856292470553
244.903879612772
229.580523003480
218.616521389080
228.391824066481
217.809272534516
218.424428779789
220.110040075833
223.220608030704
224.960284358947
225.710800106161
224.677613920074
228.487020185043
218.328112313083
210.847217181587
207.792480453710
228.628993192809
226.790268059461
219.837767259462
228.474036038131
229.944881247948
235.039235153863
237.397134981091
234.856886685809
222.527902410058
225.075327107298
218.164760260089
211.004590132275
212.505354794976
199.519885508172
205.093430404351
221.249143104998
223.608001911661
223.951668435385
231.176685525631
243.548252848337
242.934328681752
230.554630000499
232.443432999364
242.576585182473
240.688550919156
229.021983179168
230.137924800293
226.855656978256
224.162248664526
222.173582667954
230.988665412610
222.995441423022
241.754725734480
242.462747029341
235.259424470590
248.319760134653
244.183089099913
259.579590558588
253.368076447124
243.170848709783
228.669326214571
228.061655200523
227.937966630544
237.474137920052
238.654275231188
225.166416168189
225.142413639158
207.248443516329
221.574026527263
222.953215533817
219.245473089207
220.178602129416
239.267336682878
238.802257935684
227.964419529391
229.644443435962
228.894867777606
225.876687324442
227.868972805968
234.064334818133
235.714896038929
237.473990695655
233.692910662317
229.611146330495
228.344063645958
238.908622458551
239.075587580198
218.950491767462
216.767012303032
219.135368307151
218.772058055453
241.579742623384
242.095314602616
241.449244414603
238.695071422218
245.597584579343
245.828358815881
253.696673443939
254.223404021134
234.775488042766
234.130509166809
245.836855334455
245.555426878987
256.531835834703
255.453260342799
256.747042297063
256.177057943067
224.314758723612
249.593925036860
252.779706832382
258.400779552240
255.580496202613
272.368334975585
270.592353006361
260.908909826691
268.028270755051
262.530611547146
261.158632373241
274.968853727339
274.987148476491
252.531985987061
249.551034071666
223.518896335867
218.973939941724
222.457532734441
234.202262970275
238.194204469171
233.661588836138
213.258144368970
224.506328008630
224.010018442983
223.250450796998
227.009053576655
229.218054764168
229.563193527177
226.942859104381
227.564134312668
215.637537745352
201.958953567542
197.654491891713
218.803521578199
219.780242977988
219.220609855430
217.257601523189
231.017118700978
228.327530618093
233.554995193557
237.001632236512
243.123631372229
244.386008851634
245.945717838378
245.258655191211
229.766651203777
229.500658179080
230.392042273594
234.170622542167
252.472696266644
228.139329705901
236.404475870749
240.553182761075
240.983210497130
235.925790799788
243.412640462639
243.414070653805
239.131313144241
239.750745102505
246.703197405522
246.899846957057
241.328419538285
242.968263626562
244.313508002074
242.915368498485
247.170672158498
246.834754961042
250.271340817907
267.578561930530
265.815230068435
274.729444920903
275.736693575584
275.885732069824
274.608240134521
279.555430658612
279.355700843216
277.558364177729
254.521316780104
258.857991779459
266.253603120628
252.729625857570
251.807322998153
261.676103159616
262.129159473341
256.793467716702
260.303466613616
257.032168508302
256.748280710998
245.322395346592
239.926061599152
245.056874250895
261.558615613016
257.677953650781
252.206575299984
252.004223794159
253.814501703660
252.411744004168
246.792911853781
247.092169491549
247.508917093581
246.574339252337
228.343610405398
225.107564846491
213.513955324936
227.614192121807
226.072772683427
237.151899704884
238.861242046116
242.493829045698
242.534966659109
237.980152759142
238.224716510273
246.122908276811
247.900357143655
243.646357654304
241.098942375109
235.409092683535
237.783013107585
246.079448270187
247.987890376270
239.780659423313
238.202728628173
234.842259146502
252.624318945386
250.818325364591
252.947689747456
254.428248912393
240.353985298622
235.198477584229
238.183954013472
252.401242777871
251.851212235440
245.883929022013
245.099676587536
243.709328206564
243.300458751052
237.397604856136
236.883042178155
232.794822580034
234.775692334739
256.417175749730
253.624930261376
261.140539262636
260.901762109983
264.707153638516
271.020035254680
265.726894939915
273.235975064373
271.887023718249
266.132581889328
267.177583090618
284.134817586490
284.117686060223
281.593437773060
281.599718604313
284.252338369503
279.608313928800
267.602711913679
267.849593273353
266.271902349725
266.236635453551
264.208871913930
265.366057912086
273.012015600294
273.011137864361
254.844867881354
260.665745877589
267.696088941480
267.595498186389
260.939725509188
262.263807277878
253.143578903613
240.770564776114
232.511363517498
247.072556562958
247.195602142012
260.375539421915
258.566452936925
256.202060246492
256.162671267093
246.691116394363
245.678484080132
241.285732403230
243.454448495144
252.177408935368
252.117132065386
232.836916845722
244.026199496870
243.629557908201
240.061012759853
240.214898044055
241.791497273357
241.250699397428
251.281096498640
251.360290160656
245.464516708972
247.411867453822
249.426521189540
248.760262717456
248.166293941841
250.466177421450
248.390982230931
244.911751688797
241.903865162147
245.158058154221
242.283898129454
252.333287775767
251.856340347762
250.763547644775
239.951074194815
232.403998412325
239.781626105800
250.493023449031
255.788501304561
252.607513761258
251.979286063878
247.860172842530
248.781221359228
249.997420456451
253.132635831644
253.473353648512
252.834687768308
252.190499984316
256.475427240333
256.362065789121
258.754357247366
259.765376372506
247.088767874794
247.153478337260
259.727600304974
258.399300394609
270.574730060194
269.633658756311
260.062231475467
271.330993674031
271.512407188382
272.066853909439
271.820530993146
278.046186593149
275.950172322858
274.796746225676
276.022546866478
273.499627157125
270.759312961053
270.622568824368
261.337708167821
266.729469885178
267.615754939615
268.750933010383
269.973766966843
271.177472483190
268.162588029851
257.581314110730
255.354950875646
278.470173287350
280.657963642516
262.801917268890
263.787263835732
268.788322891360
266.688474852569
267.592422931143
267.609081556224
260.772140431463
262.518776898333
258.918629141513
258.727907360457
256.128080304409
256.179543514542
255.935940086181
257.295824050805
259.590256885986
258.914137891416
259.261051040319
258.411625500762
242.987996259238
240.604001362452
243.619948127249
247.352007464842
241.164823812530
236.845800662006
237.174679657583
240.204558582199
240.610869788636
243.637109613504
245.713415365939
248.370763521181
247.479394796902
240.555357166122
246.144429821078
246.115681839601
243.971366683649
245.548602314754
245.255224520270
238.026501555904
234.779334287609
233.866819262511
239.491753020078
239.492848150495
249.889569069797
249.131904948264
248.207393663565
247.618695078530
239.608410178563
229.585068486354
224.087571348388
245.152046418625
252.405476018287
250.438544236304
245.128453965897
242.641328198128
233.095440265243
241.526981954120
240.126544143611
249.353602070387
251.990061139659
251.894688011180
252.745345031545
257.314865071886
257.232659489593
260.855294166578
261.329663244971
259.800654863215
255.988850898451
262.169848160608
261.868266414483
262.871646906728
263.452972416647
267.217094714986
268.060081327100
274.690832227109
279.877091359114
280.522933422814
280.748538779619
275.949194253402
279.989738033454
277.378631919253
279.621196636076
281.683550956696
279.053679065192
276.501103854643
279.170940645810
283.547094143261
285.460017697859
274.955595613336
272.681978383392
263.771071664418
263.321908840016
262.403390838817
260.871109308997
257.603166601784
270.743538908117
274.465480558843
271.058347398984
271.927513469844
273.421047187166
269.798980301250
270.032861639141
263.921959910767
264.037484039156
265.125525056555
271.048067342824
264.024961366355
264.904174007649
263.977092663264
263.229986048423
260.987439116242
262.142285171156
261.257151883895
258.815724184754
261.097322913364
257.371622556480
257.561605148230
263.376031538256
257.052740443926
255.834763501618
254.255685476145
256.608348106865
254.818966374831
248.802887540783
249.986557304434
248.212042731805
248.882451464232
249.965758750561
250.170962217611
245.502578164208
241.742309836104
241.739102132067
246.764598788982
241.046246893995
240.243562535408
242.412278486609
242.780982656622
245.355080442654
243.665239865108
239.766861763251
243.690961500906
241.050884638886
247.496669957662
246.237571004331
240.292871572809
237.412047361442
224.659962344508
216.036727970627
228.188661326950
247.322509933405
249.842125076663
254.362095532593
246.738665413667
236.118243422275
243.785441969911
244.933676337695
245.575758295827
256.903750362646
256.959112618371
261.450775116192
260.301647426195
252.684635860681
251.955019558515
252.832808132523
251.929770538519
258.324043973795
258.688594518407
254.088292210904
253.372299235612
261.222396093385
259.675253952119
266.860653862946
267.095637002010
266.368806353034
266.538383787877
267.118439925546
267.265227679020
278.300494176140
282.186207494688
285.130481738370
283.325594471211
271.523353423609
277.540070195095
281.954986362910
282.661258468610
280.991703763372
279.489769052405
284.154809586230
285.987297819559
280.648422139264
281.821438947684
283.951294269442
285.575135173818
285.433529062391
283.824771036970
272.468406397276
272.873207360455
279.813999712141
282.982080857808
264.874828205209
261.321725427674
268.704321633289
272.959040568801
279.161621524329
279.356192493346
276.489986712318
275.978017561263
268.881022548840
268.857199782324
259.297565714756
264.666520355691
262.301917534733
262.661951672215
262.711715041502
264.655212308579
263.963725929715
264.830510579755
265.888801253510
264.343139979436
266.847454852735
259.402434529728
257.655547862723
259.568366259961
255.024608811160
255.106440290657
253.431718615487
250.962365146501
249.761702541307
252.044191338514
255.043576306774
255.732525065139
255.536108698369
252.407058646917
251.599846472405
250.266424097295
249.805981763501
249.552635180278
250.012482047515
242.962527129516
243.264858339315
237.967623174637
235.592872783247
235.480891968780
236.956541117647
243.674029560505
250.160617802587
250.105446064577
249.743793876883
244.133266639093
236.606986152413
231.700693461734
232.136271520594
233.777835330947
250.075173892582
250.343359097325
247.214460900474
255.365345558104
252.769693755013
252.772291073382
229.977814255162
241.294572175390
246.696771782249
244.460139894576
246.783344279722
256.306654929271
256.360146121344
255.453134962680
251.763869707690
248.308027464631
248.781211766483
253.134989474459
254.682694363304
259.019417748688
257.685010903974
254.237698826248
255.969882459396
269.254780231590
271.231241404061
272.580833917726
270.014136279526
269.905208108550
270.525345412804
272.403847311205
273.498748493442
272.894015498422
271.770281305979
274.594703973323
274.699167637066
272.357704424498
273.164884729167
286.274127282697
287.078241117331
287.304210137488
287.326736393399
279.704574102022
279.102792473584
279.626396195234
280.039434377971
284.678558754840
283.988918088370
285.931925399830
285.850025829503
283.258493841976
283.503759997366
285.104430311914
282.567560680743
283.232189206474
282.197262047035
284.303554962573
281.091907938134
276.893374473452
274.494274077295
276.185228815093
277.734416204861
278.342421904142
277.654797666019
277.258110968836
273.747507086683
277.928441557626
276.080900200432
257.436104092299
257.931712058382
261.570881077445
261.594606364295
264.238439237385
264.291558266272
262.381912149597
262.435917248517
267.012306196370
268.014467577248
267.695664900634
265.829241314337
266.579920531633
265.237337568241
263.941908941834
263.867288961504
259.879357043294
260.065960146794
255.539043662700
257.130661288834
254.667045947639
251.733146927674
250.077220574481
251.746357368514
251.760813596139
252.055124433426
252.062883685827
249.070358687602
244.053922410333
243.334812645952
235.465069421290
244.602641812133
246.662910843187
246.710614693312
245.857756246503
251.819714589777
252.660846198711
253.330092770692
253.689215011000
253.546429675413
252.127254177096
251.906933857520
249.227189825894
250.603828009884
249.427496016491
259.597785997777
259.058759540593
255.051585537859
250.782931304894
256.264551110346
257.277689026125
264.271650879972
267.904605181707
263.297937640335
255.396196980916
246.149365613849
257.420325300874
258.928165266249
262.455121391592
265.258501252852
267.377591720830
267.576556882667
270.617649018100
270.879598597169
271.394974891744
270.831357324225
272.099545487502
272.983461565938
273.702683637977
271.224606881471
273.759155290929
274.660989095138
274.955202168004
273.293150651589
278.319316673133
277.449521408344
276.168062715535
276.386262023507
277.184851256912
277.509000655213
277.394434968313
278.093026991926
276.676593878910
276.662380350013
283.784809271499
283.594759205968
284.144582428400
284.143366450646
286.070340871605
285.989652530884
288.908258670540
288.897297174070
286.848904399008
286.276824224393
280.282664533040
279.486464013069
275.750328147896
274.776357917057
287.787961184719
287.959720945725
288.845177027747
287.609657245251
287.118460878128
285.144355998166
283.414484252677
281.155599588637
277.663909475204
280.755008649654
275.551868754069
273.222992079088
281.478289352164
278.941773530153
274.660200752081
271.713306484167
281.619446839695
277.977517018239
265.177069368951
265.078854684459
265.171264153043
265.103075518738
266.757617487846
266.562631173306
268.240701625770
269.832376637181
271.643909584598
269.682294563254
268.313647516826
267.003419087549
265.830619991769
264.820807294889
267.047194722767
267.338023715549
257.438395385521
258.043682501085
257.076150511488
257.373498402536
257.009579540256
258.136051084356
257.178621498576
255.100991600619
253.400748336452
249.291551849624
247.798144252147
246.370096711338
239.155601415917
254.917124212887
255.344995398676
254.804473512324
255.854232074957
253.326877105196
248.297568511562
254.991207421931
256.821692067570
258.837468019118
259.397538510313
260.793708542946
260.371628877307
261.233398653884
260.572067944152
257.109144160319
256.643533993991
248.035799821719
247.821259680420
250.839046387162
239.238100430904
241.606490851874
244.120501107409
249.654986380138
256.829175709027
261.291254485049
263.086803157130
270.117999111043
272.002742823357
266.825177500076
269.754292532899
270.901657935755
271.275746259043
272.553830700679
273.252783396687
272.859366136156
272.120668831692
271.743112496277
271.440523333929
269.043006195714
270.105301068514
271.505357100727
277.193526067474
276.867790251128
274.081997169833
274.369743707452
277.129359350343
275.459197977398
271.268878276694
272.210400175413
276.793732876077
277.881104242145
277.152841750938
274.048831883474
280.707636921518
280.754701438191
278.864932915818
274.712957062099
271.946143616385
268.471107396355
275.661608601573
282.217155308962
289.286456226725
290.650865779342
291.183630026194
291.468664371657
291.224261156213
290.481709607351
291.188627201799
291.734185995790
292.732774649570
286.726129112265
287.921504869542
290.699466677318
290.827787690953
287.932356676994
288.928744735987
287.876085955517
288.624048182410
287.486726658151
286.837756621682
287.063940049747
287.557259627425
283.982238065586
284.202842195159
284.050500782104
283.730629069712
274.495934713949
274.728936100236
277.995763312871
276.783201819351
271.443168007533
271.371598595858
271.301499692177
271.581740617956
268.387903201044
268.247699725873
273.057737519368
272.293639788820
272.027184406345
271.827825993819
268.696252844247
268.692910214864
265.179386008972
265.366914509818
265.666606199828
265.621268803447
261.031819780948
261.319039911894
261.001749301487
259.179252678675
258.065333611674
256.033108934480
255.216484662686
252.284395251739
251.974651416567
250.959957321745
250.720568973451
260.509677348761
259.041997565322
255.276346868799
254.982617157621
250.706830386903
251.784096430572
263.689831012604
263.863896503993
265.836231365810
265.706283038676
258.373862037803
256.032035513689
257.475210089118
256.980595600155
253.870983140822
252.076969071742
265.564561595142
265.806173677722
256.576188672476
256.327923809281
242.390714492709
258.448979995715
256.858502606617
258.909893695446
263.357372765486
265.973626586106
264.558235814164
264.315178142920
268.574358015219
266.916800402962
269.271613015237
273.807082326631
271.251869270679
271.160549999489
269.853091807818
270.070157633120
273.212085121607
272.467355383530
274.481746868286
274.071380489758
273.662498524001
275.607739484488
275.080837870327
278.040643399912
275.121596261784
274.857482243097
278.433771529779
278.540572636166
279.025859548969
280.223526604798
275.872011545202
279.794495755794
274.747163149839
273.806622936129
280.080777107291
286.899299356168
287.992647545430
286.235289378540
279.195356897597
285.097983318583
283.875785842109
289.142818501239
288.832859952927
288.498786562595
290.861317611488
289.719503575000
291.422041004379
290.059551136086
293.685514998503
293.958208512408
292.884818716263
293.260387495086
289.623232761530
289.598754778592
283.036558205066
282.673850854950
284.950617188394
283.762624532566
284.422414525847
282.827728116304
280.153187994211
280.549737255489
280.561166884319
278.553041476945
276.804358725822
273.256262140589
272.947026480438
271.557202107398
275.385551749239
271.376841361254
269.878523689494
267.850193507395
269.316842527472
267.040791351770
266.928926288354
268.585899176939
269.645873521019
269.780426483361
270.158897114441
271.874552962024
272.070316878421
272.359829557717
272.307215907350
267.151364423175
267.489545040468
267.581948767633
264.795673887182
266.745452274066
262.935392974432
263.081931908129
267.285243924329
265.371786603185
265.889752406865
264.141834994447
260.032581433382
256.606819142659
254.679989565951
254.109011048493
260.343638654570
260.234670190425
262.147971991465
262.537536049927
259.522969159522
259.386126940419
263.285039115585
263.737044218103
260.895593761714
261.760154341325
254.090597019977
255.662757995128
262.090302657138
262.218063332920
258.955059483065
258.814885080340
258.825170182704
258.656600020873
252.617029069879
252.902305974932
252.484750835580
252.601278686658
258.310974043513
267.781942343159
265.783478924987
268.224475309346
265.842604821935
266.614932854788
270.103093399586
271.621466549466
272.895852366972
272.901706568687
273.186833141398
276.230411977800
274.146500322793
275.384229122129
275.400653070236
276.289159010403
276.597599440997
276.448925624368
277.209494998665
276.262529019892
276.634542333923
275.742322603397
273.689425317458
273.990387996461
277.064673534804
279.696926054777
278.861265921963
280.692623239340
277.898807792332
279.303575755848
277.984726007988
279.918410592795
278.162194783203
279.377136609723
282.563646732552
288.260914992848
284.043570206066
281.066514777357
282.758167503655
288.118976516399
286.662122871640
292.300565614744
287.967128923092
289.301702608951
288.203759440481
287.499239972537
290.363301335433
289.586328509066
289.103504009324
289.201296107231
293.526163634497
292.359861120520
294.312276432545
294.435808760284
285.667019786820
286.274393796258
290.734655134156
288.608988738965
282.950882831967
283.340625511561
284.071899720583
284.304883867558
285.626897260698
284.151167108466
277.135249867134
275.504830886243
270.372045627691
268.341809702533
266.711902212632
265.114226616456
274.593968812401
269.151521993179
282.212902054459
273.120324881777
277.071580596932
274.025766370778
275.219292818456
271.354548202290
270.966644754564
269.628660288362
269.576170541864
273.839925283346
270.516065951421
270.295191689886
260.592669048437
261.282094655131
261.198655318443
260.793923816931
262.112275140233
262.968963663430
260.745762504105
260.820486435205
261.962582062461
261.869300196190
265.567676188864
262.933712123720
260.394946005356
260.833131109269
260.919641812800
262.265945277149
262.183899467009
262.479888316955
262.696044130912
263.659133936484
263.550623792085
264.039054259366
266.595021686221
267.594989155657
267.770360251155
267.470966327221
267.552256876623
267.670470191821
267.628483697724
268.056973639704
267.808692580050
269.422869014418
269.430549337766
269.343582031244
269.096258397330
269.028658054087
267.531341796712
258.579245311233
256.480230240667
260.622025444918
261.767417944399
261.225821933708
267.432838060598
270.148172433289
272.103887986811
272.514947557620
267.813311340966
267.605816701376
268.751444928166
271.027822546302
270.800187193291
271.965037150141
271.155012666056
270.887755358042
270.806525486345
273.046503582212
274.888265083678
276.676015346730
277.286034345235
276.273837797771
274.081998707684
273.925165285330
273.361806476477
273.318375631425
274.030387509432
275.273750207801
273.644696331147
274.524249132651
271.094705667412
272.096141245944
272.322842148359
277.846626536952
277.161679638165
272.802207605535
269.589895195911
272.838945503463
267.893406746923
273.597945150165
276.498932958009
281.488707082554
282.169101230980
282.636445127557
288.896474907755
292.659458160832
288.379090864996
286.464491839885
284.739043552944
287.359867504833
284.346039332355
285.600345482402
289.840782759667
289.504102915035
280.290212058038
282.043254110398
280.813500907715
280.090593569944
283.255157683727
283.637208528972
279.451836618897
280.712161891447
278.417644166874
279.400896043525
279.646991830954
280.341828054312
277.050184031114
276.929079255266
273.729579561664
273.497281034783
261.651842420796
258.323337460533
262.879324332374
265.204686237999
266.697608617375
267.976416060872
267.846006452004
268.504396548469
264.358661508854
262.865151432457
260.411085984227
262.821251790270
264.328913093631
264.872141781424
264.804741753592
264.715038974926
263.539998826825
263.461989615720
262.428659863513
261.810228112141
260.880455565823
259.143596007392
254.215164814643
258.522233278270
258.076394968344
255.559489008672
255.331386683562
260.525570001176
260.421649689131
260.052594312993
260.206475899812
265.857563924860
265.932575981702
263.425927742540
263.251171032526
266.563986904632
266.601727737980
263.391174529428
263.494238259429
260.870874120473
260.555777876103
259.631391781326
259.673990097197
266.214080663576
267.223159026118
262.441794035680
262.575149554836
258.570546057143
267.477120881137
261.268717161546
262.459251691739
267.893611800554
267.409234734668
269.118540832853
271.121084850333
266.325561683009
267.699204100964
266.362234992893
263.991181882295
263.945826425703
267.593238455260
268.476491753682
271.654198258102
271.041148665097
270.160335302822
269.743085212264
269.945437927995
268.312447320722
268.289654727779
269.789994667161
272.814062866165
273.445025030593
274.141988348451
273.606903523704
272.134944910994
272.129246004286
276.059624090228
273.345626846847
273.200086794840
272.012596781029
265.280162900521
269.964889732353
283.574896169744
283.549951868825
280.772914758415
280.234229934147
284.870388964233
284.400714980480
284.610120813078
282.815998004329
280.599335186413
283.256484187310
281.029364177434
275.997090754688
279.093717040043
280.996060905188
284.581090313086
281.358239387904
280.966625793226
279.658740854968
272.868229382983
268.632342307760
267.218045755852
265.391846488206
262.957458553741
265.477374631033
254.111443323742
253.858961835296
266.105082229799
261.615879567827
260.572810721901
259.680100584975
265.673129384668
263.785257592459
271.668392635839
270.669923782734
266.816038254919
266.272316495280
274.851788848927
275.505760195452
270.661805890934
270.810020087958
268.723798564921
268.303863655590
259.630367973361
260.718256529653
262.280088938784
262.606201418676
259.876692380480
260.138980820508
258.066408808012
259.229174141626
259.864610753812
260.047245500490
261.438607951796
261.421586430233
260.422683014579
259.546641606638
255.465234155243
252.522886866121
250.130654959305
256.667054374951
256.964467073340
258.634816520509
258.896383519274
264.332372314431
264.412744964567
262.351862698713
262.033336322826
266.148391286088
266.208158998191
266.756289425060
267.145701931562
265.995454671944
265.881621228837
265.234637847080
265.247416627339
263.277153960953
263.302300145246
262.002694542182
261.724708060751
264.039899074728
264.140229348199
266.657586773839
269.274693343084
269.707818022215
269.198408118988
270.021810956255
269.521427758340
265.267437291466
269.057337566703
268.358282298455
269.791985359628
268.838429678138
265.478168133054
263.528944279339
265.232699384965
264.688331860432
268.660322707455
269.005018694539
268.741130746252
267.746723911572
269.008350776664
269.350731534795
268.374254777745
265.568127018743
265.289914588097
265.768083014947
267.907571174685
269.323190064905
268.703364516872
265.876756291395
273.517324902622
273.477040546903
278.690636378097
278.825906469799
271.390293684396
263.576534593729
267.023460979545
265.068343911441
263.176070028328
264.700310569983
277.893972702263
277.781572826427
286.738517257188
287.440662793332
279.189809627825
272.709615816904
268.265430107917
268.012845367108
263.376233846912
258.516287998965
268.126891904503
265.435447700895
258.157720800481
255.767776346082
242.322049787706
245.003012788287
263.487344675126
264.299181730823
263.904172936595
265.896819065634
244.984990058363
244.245423403019
252.175399587668
251.013507029622
249.138046152959
248.613596588511
235.752849933360
235.303658390254
235.591640709254
237.214852862032
249.714843669461
251.217334805738
264.757565562002
264.094841756589
262.991631468363
263.363774572090
256.055440401034
253.447016510972
249.925538694864
251.346637631327
254.071456660787
257.279688391510
258.479148161157
258.577691054412
256.776050658572
250.876316220661
249.973066183204
251.673954730225
249.755027096827
250.455328224694
250.189278668494
249.602882541165
250.824700158375
257.407047923253
257.569212907475
259.133692733714
256.891002961119
259.211964623949
258.545101981695
253.591616655519
254.119108394366
258.518413751707
257.817998544930
261.847065142026
261.803534499290
261.266412592620
261.095662897922
256.297403623285
255.649654494036
247.766161521038
247.889846958349
262.136586858677
262.363899810674
266.415165568772
242.763289662018
247.046921464706
246.027497653952
255.185764945210
256.951103127741
260.763451672888
267.749243441356
268.260761406480
271.639025710376
271.944001445330
270.625103136706
269.870391008618
271.061305550279
267.838722085301
265.693286545591
264.613075948797
263.511117956511
263.943017265333
265.251628844175
265.651559938582
268.622621552436
269.113353311336
269.662043862836
268.117105309710
266.097494940324
263.596250392922
258.929987599324
255.783058858861
264.358960968857
264.271478502030
267.840233785245
268.841898008673
258.076953280029
258.107168268224
257.272866275438
257.537223711540
241.170353720740
240.880562656234
264.913255113296
265.814866586173
254.556556527956
255.150624316557
252.575438140494
251.175145247313
244.077038393190
244.041631673812
244.459967015228
251.509530923135
251.173258188158
256.690862454227
266.714163484167
265.141891905280
265.808024158746
269.799828041780
262.618077430235
261.173266376818
256.900656323332
254.002545400649
248.589261713915
248.734535176983
241.348908841236
253.292510426400
252.771056841792
251.324707781711
253.064388028202
251.275107617714
250.129947941712
248.035097134686
244.859488666571
252.084485530951
250.951209158530
251.404183497038
251.055109305421
255.054823190527
254.837605873243
250.765916520875
250.812054070777
248.454108336874
251.230111546555
252.937166791608
250.391984748448
246.648656780040
247.222577598932
249.100979402467
250.937623359963
251.357726635254
250.329669371332
245.993439056154
247.805840977698
248.996447504397
256.926106877647
258.437903955700
263.337067390075
263.180641072949
259.373988428443
256.177170596585
255.601793443754
253.729354029885
249.973782949620
250.051465153176
257.979364732225
257.897713989951
258.560182001912
258.527381165218
248.237096663761
245.195975702537
238.977971474441
227.299693971739
246.842501071642
246.730693013739
240.885507103383
241.046832295717
244.393453539202
253.127039345699
254.733449236484
260.778700336209
259.214997838942
255.501897049288
257.519133207181
268.113996865104
268.044705414185
267.305763797458
268.000114628817
267.896018738152
268.513378629983
270.026247206358
267.712495580020
259.767381495141
257.780448498549
258.806213327800
257.675342465650
259.582858099598
256.948253884452
251.066701813725
246.101706331069
239.241308122719
239.813627874234
264.154079818033
264.527763488153
258.713660921548
258.678364634413
260.815772816510
261.035619519882
244.449234735997
245.685320507203
249.899001207534
251.749347708377
253.628319340792
253.359192660939
246.586891654755
245.364176569627
244.515343705348
251.576444603562
256.678536055932
257.515670753471
260.788447664323
259.761735067632
251.002430294559
258.136436735012
257.598705198603
258.324483551507
252.697135977519
247.375526215813
241.634769992668
244.407575661725
241.174192981064
248.568768982233
251.410327754670
252.649493998568
250.616914413457
247.090314251050
243.045218969559
235.908605590073
237.931183981160
248.380628729646
248.534002126474
260.926961753703
258.835227779321
255.324383997081
256.368592147521
255.465412508427
255.715606768378
255.460988118334
255.242100324565
252.956139270033
250.542755331706
250.278885384583
251.503519800610
248.716204774247
248.271552516067
248.369164890659
249.116459138710
243.840729551175
245.538737031845
242.838959975616
248.450718680021
246.783499949335
245.750263725936
245.442181209873
251.341586176266
251.073118817863
244.021833034341
240.898554271763
234.131071796009
233.500368081867
225.124346111547
224.900813536333
225.786471208325
226.844179109756
231.342885955249
229.749506000421
235.175891786726
234.803262374062
245.629857668688
253.928602040944
252.681124611001
260.621637886030
261.822411210529
258.407857112316
252.734708524390
256.918573923621
257.690910667822
257.181604249434
258.581337623242
260.804817977244
258.273712447426
263.184571468426
263.178192363495
256.179543503216
255.147004431642
248.222423896562
247.485991721075
254.234412533520
255.588545654576
248.390474623353
245.646899157066
254.219885336918
262.974869851986
269.831435808220
274.214564405811
268.448959946330
262.558455561889
242.352199764505
224.442039171228
213.474597310132
193.345724707809
227.633771777107
243.879873582195
252.763768037298
257.695490460637
248.007360875177
244.388907300635
244.841040710057
244.270561689534
242.347027851820
236.312622837364
234.667668060841
249.945896482796
249.728629467199
250.553048744010
250.745430176383
240.325026644132
240.789873578406
235.710593572743
231.732526905259
234.795388568754
238.568293142997
232.959988017374
232.888649913251
230.783939253032
246.243914970578
251.049456439043
251.954339879503
247.174575020349
255.703400012441
256.359866018491
255.027479819959
255.132877331871
254.789760149926
255.494418611719
254.041712187789
252.530027546052
248.175751117829
248.787566883855
246.424019651686
245.185212662442
238.429915216798
239.765995692381
237.122283094840
239.318282575959
231.171196020464
229.979035654894
229.588524508165
226.869328089411
225.550752425296
232.339557338264
230.939200138991
227.845322822181
227.681367287458
231.822409775888
232.289184568270
226.085820106221
245.883506486365
250.737888104830
250.588286535545
244.233924665152
243.781396599430
239.191001982787
252.050726820500
249.582994322863
250.498278733680
249.314134682124
255.046066899611
255.346607500076
257.625757425255
257.547280804363
244.596063136000
242.990110125115
255.895315966213
257.058031579764
251.371740966095
250.689214247269
254.928652917900
255.903552812386
246.674842727113
254.105074341210
259.039281301254
254.578593224321
233.531829064350
223.358315961912
233.362898708253
249.033446694348
242.311092992770
236.943214556987
235.215719063589
248.424609320072
252.958021277969
230.450598434056
230.035762842051
225.837116227039
227.653613162060
246.085109024608
247.767997257967
237.861913307380
236.948409244081
245.307497198499
249.332100448430
238.038537104555
241.355330659123
238.718150681645
242.568309880345
241.891101438116
234.292296718605
234.392605793605
220.843713950788
222.200116341296
220.222900461195
220.632288383991
216.066800268940
216.141676647629
212.298106970970
221.952602175371
229.389824217421
251.102944463641
251.153085297444
248.103086184054
248.120398409667
249.284154624295
249.309952268919
236.262685328532
234.762576519225
238.161525010030
238.879398084519
227.993837251976
227.031303716306
220.851539614704
230.093192526446
230.127694625246
229.904422380842
227.833466130789
225.119532275609
221.270670617071
232.834639065058
232.796138878760
232.466915965803
232.440386113479
246.706544486479
235.263582966307
216.031146671058
215.129758982858
224.308068851376
225.269904436877
221.363085784639
242.141068287368
242.678278354304
250.288192129582
250.322889215474
254.328455226266
254.876652840738
238.308151032603
238.998980875897
231.735299749325
233.731790003286
245.820414648092
246.228118728825
228.944310282590
229.048846494915
239.080707116935
242.093163186542
222.881706078335
201.310713720872
199.975116575974
204.355380840590
216.170618254397
244.223323798836
244.960841818787
243.749736624766
245.248982150680
232.037160123282
232.911175396145
215.230987254298
215.011929644952
222.846050806294
228.053320208578
242.177793012641
242.857215290038
219.675878650810
223.382003658647
224.254763798361
238.529428329540
237.811857493336
246.253771878308
246.243005914338
237.879934689700
238.178814638192
227.890305588816
225.067412017105
216.482971897788
213.213977394923
212.985703112138
214.010890739603
210.228560454087
243.946118593670
243.983061766239
245.950889480779
246.672271232538
254.002183547036
254.000506447261
240.014496302596
238.340150422675
239.105763087502
240.544767199137
231.378602968484
232.436162964774
227.934024046446
218.981250786577
222.735623990812
230.740999130515
229.442629857060
235.267580638912
237.611264213733
234.326433329009
223.708803571819
233.071911220496
231.914145512073
228.262680995056
228.383067985777
215.232011552334
234.717359944789
232.986973423161
231.321489174744
231.922426295221
239.783425125064
238.042537279533
228.252769132002
228.250527371146
227.780916851896
231.560231500374
232.091397728211
229.786007087982
205.567545166236
222.348638572097
217.749559142892
211.624981696389
217.288630036079
230.007188561226
228.884153550814
246.557540250429
244.561659321274
246.981997072212
246.387553761183
222.616998848835
219.700707770919
228.427591662696
227.384808143854
216.650835615707
229.981648754609
226.886264283005
221.687379323865
217.798346725021
217.707584621198
218.875030859188
229.115786316045
234.294927904934
234.119254737960
235.501713051989
236.326062446133
235.896371877033
230.542006377778
230.068869827593
225.491733517161
246.275178251695
246.225264988276
240.825102005392
243.835916733471
241.404776835601
238.404523651226
231.497095746088
236.672544265218
234.505235098946
240.994290053265
242.299948056388
238.057257355840
231.795829228437
221.772487572594
223.307222005701
227.070049848944
236.411677842201
232.091609507948
231.750053956890
221.668300769359
221.095632822901
190.151149183886
201.279335924488
208.982721727812
223.854201044397
225.048725414874
225.660427188366
226.274600259082
210.009496258744
210.219787588970
208.736003270290
215.926233099528
208.756808249426
231.421794076470
232.205997000604
237.983532119368
238.247045399119
244.760473346162
248.688594609871
228.792156098195
222.115650585371
237.405166174500
185.574062965971
187.138656798829
190.157479840804
188.670870367184
183.114546709824
200.610036158502
205.439808802312
209.921165543399
206.422477585709
221.861555563823
221.782106636213
217.004439797704
217.350804190519
204.552481178086
199.568079552405
189.697873835613
225.063198396018
227.946497574527
230.363396492878
230.412241738240
224.468306082244
228.251114279521
228.282050902435
230.384651062599
226.102090697439
224.286621217071
228.256209569552
240.293969938565
220.950018065580
210.799677111664
210.078617484108
199.416667083618
221.672176543196
220.637984488867
214.892569029853
215.030727176611
199.015210007868
201.077370906642
220.559161195756
224.253584895214
225.780373532777
239.675313511707
234.472377102567
218.892560365454
201.634923582799
230.612043915599
222.428852487132
227.484394949085
226.206248120568
213.786172530451
209.455360734274
180.434227251769
177.173427665746
176.971706396290
161.703981791100
167.403572648375
192.741073352718
205.922426749149
198.165424264258
194.108584284774
193.628524466273
191.556892154470
206.078456991038
213.912607717554
222.866832988983
225.927245378925
233.014523469204
230.138498161542
238.217113169458
242.206498433105
220.785611300471
224.490772472899
196.127376365321
184.248376962845
174.686626160309
187.299380641061
198.608842493172
202.436557076529
198.587915368288
188.628263608127
176.716231359875
178.316811696364
208.884347169113
208.686392446734
166.090762110983
200.387245034561
205.415038690034
194.739704099701
197.127930635565
200.733895726529
197.764414965195
193.427888565143
178.694718611438
185.534707539088
186.338160036245
177.795586485235
212.643814833155
213.606393224884
205.523105490366
215.745647696636
217.064911648571
227.749641441532
173.892106758856
172.930934363849
166.030544524048
164.452244680376
157.780703743591
195.245067195256
175.274546267172
64.6935857399730
185.738504398168
124.549271491987
124.489180171006
151.913968797173
162.542005854672
159.039123600889
168.775755457832
183.902898571415
187.974957219900
157.761223392606
154.879584776196
145.920140537208
137.289996197079
100.491787297958
100.439641317906
108.180939274662
267.161667415536
264.690924797171
257.021096379948
249.689376142682
259.283256762543
266.936463769883
273.269039730578
278.637102215892
269.414374377175
257.620584571965
278.189235235125
284.575552986693
245.482261102240
263.907847494298
267.747906553029
255.935674254675
252.410728556421
284.948191812599
272.361774874040
257.582721822126
278.611894909211
258.637186317198
247.327826116289
262.599548928498
257.818619356120
261.661786215988
278.258929849887
274.913899380162
275.026467724282
275.319966699966
269.442567326056
238.427882326022
234.069706229305
255.007890290158
276.016432094957
284.359006925954
254.499819607303
256.592930891890
274.809623981531
256.945267190559
260.262174471862
251.914252977061
255.412809712039
256.344959576052
270.476183855170
261.799779209329
239.792592316033
240.765439591955
260.383224778050
240.671132929326
260.156633387133
260.066772780542
258.843765450284
252.603060503792
268.667864135244
259.684702629880
262.637356168788
260.244925957451
269.053455740297
263.013759533302
274.615224820945
272.000961913776
256.195303610785
260.933337653234
257.873946315588
256.334269321520
268.271870404717
264.030444314424
249.889414978719
252.230004679930
274.397155382582
275.544212481730
260.946287866379
267.309404848296
280.361699093374
280.310929110379
268.862650517638
270.156105154204
245.442953632190
266.562993249882
245.476814114413
234.385181209781
256.933869390005
262.696615698621
244.915771246879
253.746594127087
255.648308328029
247.115878431997
259.225063342192
259.457861721749
288.546383788078
261.661215992512
262.918912949633
271.091501558089
246.878792231818
286.368881253013
260.006043805397
253.078787350972
274.708390992480
255.508909769274
254.987474874698
272.558566336314
261.230605391629
258.914508373677
270.472478062361
276.758000820435
263.131787974442
274.536686263746
260.468171291587
262.183913362289
269.944711586714
272.386231141125
257.492005436721
263.094371515182
259.524870484787
263.942124006096
265.622608842301
265.722675826060
256.771421069690
259.828974038196
263.612219864044
263.356320716260
258.921519713175
266.215876961966
264.462494046357
260.764920685398
281.499467604625
274.912998525627
272.497599133639
263.186398532830
274.796244502198
271.513674079677
265.480680234206
267.400727258485
260.026821455603
253.142393788580
258.466077301319
249.365561791129
268.287785793846
269.351213800671
258.662347045130
259.676508224155
260.816558148189
261.765069121032
272.475955963984
271.480157464554
232.269696714121
248.414289886599
265.819447728700
264.436915916789
263.213145766129
267.058148350165
266.854559840971
266.864914406707
278.111341904105
270.306077377169
279.965940078493
278.274105151114
275.894066123806
276.030758040564
258.738166128858
254.799688757617
251.137255348184
250.068113730832
257.644386250306
256.199732970415
259.581165937916
257.029412817724
261.321072132473
257.500845955494
257.302899564043
263.157693715099
278.523157535035
274.243421515531
268.902010725675
272.760263923137
249.351926194790
253.960818951777
261.882246019268
267.638846210721
252.745249721156
250.824365408931
245.727184194858
248.325864002448
267.396520427647
269.812326254134
262.489109241389
248.062934335611
257.826195184533
262.712153516914
257.864864081156
258.101420197061
272.756141837289
263.553738006363
277.219283967921
277.505227891283
256.082519873075
255.543053314600
269.545759865691
250.408081052400
252.084043199683
263.628113861866
208.687848534386
83.1531275932332
236.527745786369
254.906715419702
217.906852948027
216.297746731779
226.919440500139
174.671095902393
247.216995109386
263.943312103657
225.375017317297
218.221886108685
163.518188996903
205.742989419290
220.704604212104
239.846412388080
211.801808574863
217.233010748062
269.967571138182
256.672724126309
218.493084020420
230.510824366830
258.565338975747
269.754254727859
268.584863049661
221.012920724378
210.807348894871
179.303968202035
189.455282896211
215.072578377677
260.202530181003
259.329084642031
219.639076741935
223.763904005874
219.265189639633
220.569616115801
227.527244398199
225.100160144419
220.665633292894
227.019069742888
262.612229595289
279.148967799195
193.122353732508
215.383884260326
233.596218973164
230.397423569847
272.117403942032
266.864383169418
202.017232075627
147.256028122900
247.315458445143
245.203910069124
268.796866578600
245.771187310319
251.775357750971
239.082906856014
139.243339811940
237.964746778104
233.108333122607
206.281327741721
243.338342630618
260.043792462444
232.429984892352
259.401539183199
216.994278143713
229.592340236129
223.320569503228
218.176572438857
227.355951084115
230.895053453955
219.554500635169
207.699462801831
273.813463606471
272.050906022324
257.463455690560
256.033315508955
236.034619029181
251.256743959184
237.690785603541
239.607415805758
236.195056598093
238.888537799553
224.860027725526
214.196455479944
226.975013044632
218.542613506069
225.547180504553
232.712621414265
188.652413814342
174.882175125390
172.760459304571
123.107047782951
219.285419824865
172.033584699690
218.504331164658
202.735325344685
217.346801887666
232.466015285853
252.081558391669
241.032124120486
250.297558452193
244.281203754566
217.630062468106
210.060842875014
231.918809416699
235.529895136310
218.397821394052
224.286926789742
251.757646004114
254.041217873535
255.470879699700
261.498221456910
251.732019903351
253.641656398307
258.853618504359
260.532044150896
242.204998964790
224.208412351199
201.110291182416
213.856491618386
229.492108595296
242.792717828151
214.016565697722
203.687280102923
268.348023337698
268.271439631755
252.083942849650
270.743246553130
254.357639093757
252.439899735055
217.979648263060
224.731547166690
269.637557894133
225.892549620470
269.218213110287
225.858620798650
184.514903649911
207.373193305371
204.477643388040
223.461411597220
216.542310155834
210.232036129365
5.60472283000750
93.1428789825881
217.424442710388
176.084981877572
216.095926032445
233.011169473116
243.109175817860
243.655000894451
230.687208189515
235.510826005813
235.344167623531
232.358641825047
262.777381859999
263.342804195613
186.703965920623
196.338779716473
239.959601563262
242.733936445007
230.205568358232
208.240844030245
182.665886048451
227.702924962551
220.121131811415
202.552059612071
218.764019048823
198.786062701350
220.197548499997
223.857788933153
217.953917768685
223.091713379528
222.262283865267
218.740685475447
219.187991236992
234.113654621161
224.291835098056
217.858158502056
218.061349144993
231.401211913593
242.611597597396
233.120493024896
237.730214119169
234.470128237021
271.419528326856
251.167230795744
258.505800599993
262.091615129578
269.717641789821
265.565280242068
255.699163413922
227.726878444918
220.803084544930
214.991974515693
171.487473598120
226.255878872045
215.921060476243
193.925710605727
