224.159297928039
214.017117745135
228.836229646277
228.562220018204
220.563564653522
219.923135091232
168.981935036533
160.236337159240
119.110969924851
98.9158790129779
212.119790624572
188.822440505334
206.061303789487
205.795967657278
190.026950576428
192.449760223637
226.934456539142
225.219032915312
191.816483100492
219.091182745401
185.767567513546
159.988160691736
164.911926128017
153.928341078265
204.147607428364
194.029156850940
210.892047631219
217.309527937818
218.082763464702
218.323079282056
214.754163125547
204.042845394285
251.194675887882
251.333435779135
282.642221377618
281.945173780277
274.584506683318
274.157102446356
258.076801436578
256.707821051124
220.919863908797
212.201311423921
219.776594243982
228.444274225842
215.472191387234
171.438998439672
213.720380682705
191.790893202651
192.254381714806
187.519642428825
173.478038909197
182.113916811330
179.835985376169
173.145680584458
173.610780042588
197.226733972296
205.585608414495
217.572316769406
212.065135441656
223.101766755835
223.644311219401
221.492525581994
222.063353999418
226.286557591116
228.368006961920
225.548316521089
247.023743470427
263.237101600174
249.395969520377
260.167347477883
247.359311798438
247.761956181471
251.112399026972
252.952946177598
256.075674653925
256.438242616849
254.712755779131
255.978327734894
228.023368937217
224.900010497179
206.284634302716
240.598600053966
231.017071328871
219.830736063906
195.568795863311
198.432995844216
195.048145055057
199.305326833414
207.138782250108
186.747307201835
188.711913009911
184.443625002684
180.059227424884
180.369957291309
171.677276940957
180.339180853475
189.277146493226
192.744672289060
206.062100705113
206.332361734442
220.013542337180
225.707100001447
213.461376485021
221.139438969615
231.299309974256
226.502899767148
214.657606761540
217.967107743759
216.442683338541
210.796443349590
209.558971790333
225.583459558320
226.232195137533
258.589412590445
274.200128639395
264.576923638012
287.316013786880
282.645074790827
299.021064219751
294.049735915441
280.603474496025
260.195385837647
259.609329588512
259.249916744616
267.888122603228
272.679976973709
251.932872441767
251.399305418100
220.859185994849
218.277737940842
222.103017878865
223.053050719130
225.532594608021
218.329096997967
212.395748422064
195.171507826275
191.926396083204
191.055786411355
202.336857231606
205.128073579830
193.784255381264
194.543347205664
195.892830329077
194.725365671479
192.437278913859
193.201347824672
199.070408068280
200.515229217919
190.342907497472
188.157443004970
189.442885198448
188.885970473835
217.245205200393
217.109110073060
216.373799694919
216.970143862517
224.294470501218
223.731927453262
232.260805664859
237.575347313649
217.193301950648
218.559429457080
230.915616185709
229.980311684042
242.374035182982
237.947053296564
238.363767100452
235.361363726692
219.580979571289
273.138533494253
268.522435886861
279.904035544599
284.837221040445
306.767578191661
315.051154598333
303.227182375794
311.881714730486
304.964270058043
303.529113930403
318.360837559192
318.411471789391
291.653118424198
289.331309272374
249.622873367425
247.506719142859
253.255622197048
256.985129291951
266.669097969103
266.605106174208
208.745677210624
214.215927335747
228.267834896018
226.937789759216
204.447754421003
209.164344594802
208.456917090519
203.285672733779
202.154488365747
182.272412621164
193.488177120877
187.873698882566
184.109764841822
184.429073346115
184.020544969967
183.419962183665
191.677050623724
191.709016312041
194.632392465617
200.238359384847
203.033073597047
204.316864334609
205.011471649369
204.212158345207
197.296473952808
197.043074966919
197.425221117943
201.149810287949
216.030128735562
209.125434469996
217.635715276852
215.790271190365
216.272243453353
218.248348422842
225.835008639974
225.753269624228
221.584318892456
220.827202034593
228.137159034720
231.660288722485
225.819948701466
232.668987211595
234.084332555243
229.492431073406
231.328801792497
228.316524946801
230.234597522960
279.862372940224
286.186566706787
303.772163740541
295.409390965198
295.722986689969
306.578833583925
315.949640054337
318.316678966093
313.510021561259
292.812979876905
294.363767344496
308.228521473578
293.193900630221
291.921364478809
302.272443369669
304.329696076236
298.187635374910
300.637473953516
295.079908389583
295.008453707512
271.063603714362
270.042482934182
279.750120615328
276.843152288449
254.426630289542
255.790678010182
254.469690272035
258.074772593601
235.850517287379
223.275149723031
221.876478877857
222.870435723684
237.292395580546
202.709225768929
218.333369789810
200.478934445499
189.387572521551
188.866496752446
196.984879178311
196.808866059402
199.635114859520
199.609531771993
197.038976008990
199.209435944165
203.118528215740
206.121379140062
204.371913693874
201.278720169861
198.470458958051
201.033262089483
204.789321984666
206.927635487654
204.084687827323
202.583551640378
201.613342361824
217.423680794092
215.495756281949
216.344158422122
220.285028075048
220.019856596406
214.528754709019
214.363700082947
229.815119182541
231.047526717802
224.538125394479
225.623259933115
224.036941938568
225.747173846653
219.664596829634
222.526327224156
218.077348540155
227.031529385117
251.890749908406
243.570725241328
243.791952519171
242.871224873751
243.681220965604
261.320387636069
278.523364781618
295.307466447883
301.530760847793
290.818173627338
287.510383897830
320.656142667893
320.365042990529
315.593974031967
317.737404625615
319.239785467073
325.877566099484
309.789849681497
311.188078715708
309.669691936880
308.985963314114
306.967530872181
308.895321606459
317.769587609193
317.758016462491
293.754725588329
294.827247519194
308.629758540687
308.622337843555
295.692268527829
295.474610130952
266.154571226703
266.291060715319
233.171455496330
235.918642997161
234.181776949811
263.176178831614
245.564559040660
239.538850656872
243.107436311973
221.535045701161
242.016411875950
233.765906881879
214.488849798565
233.164811055730
229.548115709459
192.695320019458
200.717895422752
200.861553544424
198.279353576238
198.231857713597
199.310402218457
199.959126511085
204.972175456168
206.392381794531
203.705834629039
206.190127770636
207.052134977902
206.110286096015
205.868995323817
208.590719965125
207.831700200485
204.242233010710
202.805496481743
206.230978652510
205.323465382841
214.492564370396
216.946669146188
216.072459150156
207.016078735709
202.994580942758
214.692882502874
217.706598915108
225.462532783862
225.798698530739
225.158246362328
227.085392020574
228.205535548471
227.285499709815
230.975024870025
230.707512793973
229.932453529529
230.365261713017
235.248014098088
235.515449322080
238.539902645587
253.660880056202
237.455980173896
238.829411551979
255.911966200307
240.838295672265
257.868702034851
252.414994841000
252.445787021088
294.260330104953
294.002131053422
295.509600678822
295.785443302349
311.591559392772
313.277874845215
310.971207679399
310.184330760484
303.907176629265
304.911035016779
304.655685703887
302.509744538639
310.306605676573
310.912835751046
312.686861550354
313.463094639817
315.380728218947
312.341788823331
297.772216879427
295.790775816896
320.041633873373
326.802031793810
297.640442165122
302.354272949171
310.092141120574
300.177941701694
301.940262913653
302.215491873121
289.562981219575
261.186144875545
250.208850865808
251.375937452745
244.009777118749
243.873797551957
243.006276597077
238.341373173706
245.914920502256
250.386053432916
251.322512797276
257.759461913049
214.171185092143
217.553615044805
225.368062173623
216.193143688772
198.594915404432
196.392296427982
196.848878561847
198.367373067392
198.934749072172
200.445687716228
203.133888914696
204.318651541161
203.047138780783
199.684535238749
205.413860967858
205.403380647367
203.450372132816
204.069961841582
203.734974851715
200.586377110261
197.181821866639
196.722040539485
202.447371072835
202.447769694817
211.937525346423
212.480781162856
211.701479190978
214.105421992309
207.267015555278
199.195613499997
195.807452266891
224.388947430797
222.715143206545
219.820488463327
218.538763789810
215.060793363031
212.294533144752
221.927910703806
222.564378210210
233.037946472756
230.233795107788
230.100986625613
229.870891854809
235.697952573530
235.767432019551
240.828326276381
240.335421101459
238.105317135175
243.727748630992
252.747119845805
257.200790109515
259.166444131724
252.624114152095
258.713946158715
251.121042762015
262.732191121050
300.506365510502
301.647027051611
302.634915225062
293.829725844673
313.294313914555
309.034591298168
317.771299620942
317.697724924816
306.663904299656
307.042139450605
318.365876491087
318.692838720319
325.910824328699
319.896580296660
314.675511185701
306.724848137025
305.700475994954
304.808283994429
300.801114058319
297.798572439407
306.436458973559
314.662044347442
314.578948928025
316.029917057710
316.239351512273
309.811171271103
309.739181034702
296.754037393142
296.684493040224
299.342009662101
290.200241945339
263.094691752316
261.717895660776
257.352409792012
258.849351756301
248.815889972417
246.952691014103
242.036035440371
246.329004061294
256.227288674605
249.166162482682
249.909786478040
260.696633483736
229.424973823110
227.084343792816
216.337445330454
220.921964100159
206.080931397480
203.139000757734
204.236532793578
203.515342827089
204.241822406880
204.628384528190
204.861166996147
203.006083973368
199.435054349132
199.433509617530
204.344549213385
202.294206880407
201.613218320674
202.461633361737
202.886234982807
203.798969360636
202.344877418675
200.522793710515
204.343555740115
203.472419795562
209.285414536262
209.635850410457
204.454856288022
204.672931309087
193.328641019715
190.750954973980
201.240878762880
211.769346833614
212.939590456555
223.755733588204
225.303144785037
213.391553535749
215.379857701114
216.877993821867
217.082594679358
231.961833516845
231.929028256882
237.847157326871
239.594795867002
229.903637820288
230.141414699872
231.427980372858
232.044664866916
240.212422651419
239.362252312094
233.160047694875
233.453734957487
244.076629632388
251.119530811620
264.153334730931
261.714748678478
260.221510870080
258.224981610087
259.299329402735
256.864723545270
281.130111336551
302.793073070227
308.451797793578
299.790827474327
274.281357536789
309.182103659244
316.583919663046
318.959209918026
319.103171476187
313.982953016777
311.925689782660
319.192259332887
319.927105942445
323.628091667363
324.269123262635
329.286726500722
329.235234438413
324.285706337518
316.630288280322
317.721070286976
323.811436824681
330.426872957750
298.139619312235
297.918828135933
311.639129679626
311.215389603377
323.394190623830
323.273268891090
317.693641650439
318.017959672338
302.602858525578
302.627767685359
275.873607686011
269.276562034952
258.586238850587
258.044057552992
258.286767358258
253.464161319223
248.791443578872
246.473159163142
252.595644786393
258.357331557236
269.772146060912
254.886711934483
247.865318479023
251.328789277217
228.085169945527
228.243342389926
219.202230401808
214.542009269480
202.999417869593
204.523352355825
207.345676425352
207.597029603393
207.430929930680
206.329287476155
205.415636475985
204.919004210541
204.399608262090
204.297638613942
204.861431491604
202.001205332866
202.240828988404
200.176778742059
198.196685701310
198.155003186921
199.406118854173
202.350411590110
208.503068779055
208.493296350531
208.072488712426
207.146840851350
200.330350173249
198.677456063471
199.093647596890
199.606565849069
214.107315110518
215.911275422886
213.091990578956
216.444784310575
215.382191261658
216.457167416455
207.830139431516
220.868155873606
220.375713201557
217.492338904344
218.132944625859
231.639631873436
231.620684872141
230.512159804853
231.764839044077
227.322738828357
227.277180428613
233.175723354678
232.670213533639
238.793399266503
239.792254777736
234.751625943388
234.495450813314
256.206360697624
250.795200521241
253.821313067593
265.686072399448
265.343589925848
262.869575756230
268.811228143731
263.798844609642
262.310052356023
276.691585368240
283.712839013415
300.654715875105
296.064409983544
275.739500760011
308.835161424024
321.022552261337
321.550020340585
323.418588491130
307.669993545702
313.593584059857
314.607887638562
312.986212615523
322.155671659719
326.000258935982
329.406620921247
329.593438033577
324.973435304241
323.912385907815
326.747724833499
329.340193421224
330.184920966054
329.470296281922
332.013587894122
323.893675644091
320.877528568712
312.509521982953
315.419374198841
321.099464002681
322.008861386952
320.274854418042
319.570989879918
305.617943105007
313.610504343581
304.510200595123
260.571556896017
247.513281032493
256.806528971121
244.892495250161
253.022369868329
249.576336121340
244.092638411403
248.674632587663
260.690082875179
271.158176216821
270.448519152378
251.890243066512
254.107613552767
237.147647158665
233.446007502269
232.498337816162
222.559545800873
212.170202263557
206.375430583658
207.637065924345
207.127461409569
204.684544018325
204.207654623759
205.508290160350
205.512255917481
205.772263511122
205.774386399262
203.100196930592
201.130600753802
200.442574047244
197.312884219131
204.930634386035
205.253770467252
205.304708554417
205.064042815171
210.130638862563
210.070535575427
210.590522789129
210.595053999019
210.436731320208
210.381961267772
210.178528131962
210.422846392915
211.588328727441
213.697645584407
222.233509952330
220.559651792974
217.197856703145
214.786141591254
217.024077197520
222.247599813144
223.886657698286
232.799531738017
234.388232911985
221.297011460739
218.625825245935
233.960507761577
233.286780656555
238.475662460476
236.792129782077
239.897044014623
239.757460455363
245.032788677239
244.506578195609
245.340179499929
246.240541286875
248.844765119144
247.205820153835
248.897797321082
257.337070621412
262.648066652582
255.168413638640
255.643866434507
267.192435182932
280.717317824199
271.495638728512
266.744475817608
264.748138079386
266.983539591575
285.815501920143
285.489394198767
300.899912071226
298.008586124408
300.749272609539
315.379932444444
318.210106224177
319.386094664256
311.942842736817
315.979755530499
321.049166457303
326.843505007880
326.531649586440
322.474488797030
329.783359182629
318.930792064190
320.741526708158
314.019275519488
314.950811219041
335.807542790600
335.817392996595
337.001142342515
336.069447626241
335.559059414842
331.331268708745
330.078927346340
322.794244539468
316.637080268762
326.300143578246
318.359726436792
310.504830727230
324.954048518013
315.051579798420
306.751803318525
286.697435284493
311.012815544255
292.435702099850
255.457389834938
248.275577654959
248.552764991843
246.947799708680
251.927226145331
248.607725388472
253.773112249948
268.942750437990
274.214948703776
258.075881999256
253.601789675279
241.304805399664
237.483363655846
227.759415348955
233.881033373419
236.294384385837
210.851545429213
207.826208431645
207.605333339172
207.884022934448
207.818316651182
208.899011347468
208.726259832532
207.071217373772
206.581926296725
202.899777814064
202.309216034219
201.033568573354
197.800033993510
211.508244258418
211.431380109204
210.914366716804
210.867804504460
208.479006747715
207.965049957331
213.627899534971
212.715311164550
214.434882249093
214.122457367861
215.237940585877
215.494886495551
216.471285602562
217.770135945957
214.562719910059
220.458244872130
213.149877520393
212.575962934770
215.015302450034
207.647999366009
208.791774150282
215.687032349299
217.361361108631
228.963366628717
228.843496143717
231.813151816246
230.672380570152
235.974897548892
239.619528442598
244.920824772758
243.508885226999
244.278476451525
242.981794784503
245.289855043454
246.345270792963
244.972772671960
245.552066450288
244.968401845611
246.939775009749
249.005427695647
247.525364979028
262.158347567400
264.307638665339
256.335168567057
255.268014441126
262.992838952270
279.215393368168
266.361879712999
264.237355030393
280.228312434800
267.431534869189
264.728271017186
283.027463202929
301.909943455445
301.438959838328
295.914549311119
306.856795127517
300.461234254436
303.485302539502
317.381510400988
312.269792688719
331.250914767097
328.578904185037
330.146634850648
327.172373481167
326.115984657061
329.823092044286
332.404171159028
331.500576395336
334.904660991935
334.542617983834
336.610739742222
339.205948290545
339.416024001502
336.553999236851
337.295502480970
335.663913937730
333.657455555315
330.939060353871
333.695575133125
334.111251737403
331.803004757505
324.009764854461
321.742357127192
321.353739036892
318.408500751243
290.019096220343
280.082197166871
292.455528476242
277.339885070590
254.483390790465
252.829330694071
252.540006834224
263.222621155017
250.161214589281
253.870079026618
271.636199047371
260.954334891055
259.625026306116
254.525919510021
242.240956123495
240.852113159653
227.928868510767
234.561779145827
235.622143700780
220.526039145754
209.545631043007
209.759334400470
210.008748186959
208.510656955636
208.857875195287
207.100538188566
207.140996788842
204.592804112630
204.523618209943
203.755253016623
203.673442071504
212.051644345324
213.948618979453
210.729139208694
211.021763076455
207.595974020766
207.533609326402
217.987240964949
218.876885480319
220.796213177002
218.580474190685
211.717406410643
212.335911800539
213.554145118963
213.817239742730
210.996738217719
211.414576789566
223.693779505837
224.121579905651
215.605063271053
218.482155884166
206.254987137737
220.066055518926
218.655105710784
225.262107671620
229.272202000524
234.666053632557
233.375925806317
232.567835533816
236.824813516428
232.883902781890
235.324495769889
247.228725653192
244.366619338234
244.209272124771
242.690172779374
243.379372490569
246.897294666374
245.183506586343
247.631712636971
246.575196032072
246.082344633395
252.342105569877
251.599891578555
262.586318851389
257.609448442434
256.812900158673
262.943510189100
263.768943127612
264.708648342759
271.320908486343
262.096447759100
282.028818070497
271.403109433484
262.547282511956
277.286824618969
306.752280612598
309.152593702493
301.541549130108
285.356784342813
312.882107364363
310.243636442371
332.005966303800
331.501550291664
330.417451791646
334.386425102596
328.669588022131
332.270670588479
324.988863313719
332.907330001564
335.243934956936
332.402606041758
335.469325163005
327.535369388589
338.663201268148
329.355509546412
329.665234189821
332.792391942270
330.876774418626
331.576908599316
326.248732333756
324.748340468193
325.821127853829
325.829053390240
320.450253276396
319.805344448958
307.976596420260
308.039373735271
303.263709730451
299.077410745669
276.409256305213
280.135332514168
268.360630409414
264.425763393292
249.172829039466
249.602642507783
260.508720302711
254.209708291065
255.110390468294
250.294591447470
260.656599569556
253.309481757574
254.817961216725
265.532535722563
240.005922325641
235.262311068725
235.700759943879
211.752172684268
219.113670659582
210.699530158067
210.979233567183
219.047584688351
212.165244751942
216.152513767094
211.924384824312
214.849802980992
207.155226948443
205.861552985428
205.628769132032
210.579804563369
211.886960525937
213.473178252860
215.052839044185
212.570736878845
212.889418468197
216.151507803268
218.015028205477
215.388635559325
218.390739699402
212.058178556194
210.057149182287
215.753028014899
216.442740755272
213.686279716904
214.019057392767
214.027365708799
219.519403202265
214.268336709273
213.310971048684
212.957110881465
212.771095842164
217.843654110202
225.371738074619
225.415291902416
231.889430046731
232.194187133150
233.813417789489
233.120292320392
238.234560498040
237.194930244518
237.214007472317
235.532341409602
247.007479975651
241.765959231561
245.875648665387
245.909488546391
248.633343860778
249.172995293910
248.704270218595
250.303231110578
247.516619918788
254.233401199902
251.103602412064
252.962399974905
254.968792212016
251.119202945525
262.518189224743
257.510177087947
265.186481423391
258.073625692749
263.926425349387
260.971832744626
273.969589386278
268.599787626401
276.963420414778
284.820057124352
309.340076737011
299.384049437579
286.514373415761
290.825633935172
313.859675174787
310.468032002451
335.223192222150
327.183569720769
332.695067126887
330.822994702570
328.217167285020
333.191612653902
328.845415258124
327.862386377579
328.701550667177
337.364272140863
330.236366260128
342.705048764243
342.216560427616
333.770546009881
334.211625179225
338.837596025642
336.863362043112
327.875824032886
328.858515964656
330.003896479548
330.677456636404
332.791936515966
329.140264831962
316.862617353136
310.416670420276
300.333817352579
287.412996785737
283.490754006782
270.012546274767
293.859274226208
259.798089678490
300.204562850118
252.423846439267
273.127402471360
256.951591977274
271.530690780459
251.073055504461
260.230187641927
251.648897024032
245.664913987470
266.834252850184
236.568803962241
235.550396239695
209.219987070197
209.884348986268
209.867057128034
209.384017580191
210.823200342314
214.814670979761
210.646845854555
210.911378193230
212.844837760247
212.420262839178
220.233177930205
210.736454186178
210.175980516103
211.412401838017
211.429725072086
213.893924491990
213.879140858611
214.756624580247
214.806488336630
216.700765331900
216.685379957014
217.594751695768
217.413588470124
220.344451777448
220.097513980309
219.033454836182
218.530670083672
218.993090584410
218.930080433588
219.622231844076
220.162442096549
224.552229863390
223.597636455373
223.258806676117
224.526669822452
224.382340149323
224.904421720956
220.975304159107
220.354833249900
228.837520147787
228.856429041795
227.447474246442
227.965334058307
235.404425558480
233.812308303892
235.039469200000
237.555327582355
236.959530622277
236.748400767250
242.430419717651
242.530921372146
245.489686451364
246.019972886769
245.324086181570
245.364158608167
251.477303734249
249.363271000339
255.336929425999
253.616845532934
250.410006106300
253.622973912503
252.869955250944
253.247687909880
253.003009285986
252.589085177709
256.876966696914
258.539808691960
262.145660664499
266.340940465295
270.691851185092
269.624398681232
289.452964350866
291.414822478723
275.380682906363
280.405759398325
292.435449116256
295.181479817165
309.846576514723
309.528757161311
322.516671090005
322.574917222365
323.568497566585
317.199395044662
330.133020495533
333.780887507850
328.326183153602
328.013786807333
334.394180578407
331.753712071355
333.689101853716
338.048107870093
337.345938804935
326.527748996534
326.724079593010
324.686780523726
325.005976045433
330.261527132309
330.332438625156
323.132915938990
321.445672445263
316.433081461209
312.206275889484
312.985224648989
301.706582547881
290.429116258135
296.943655674156
286.549575225572
288.610053356114
241.583176057672
248.160366498154
265.238673138865
256.586819391895
261.919344433939
252.532410916055
251.943904472372
240.581699137065
221.530635752131
227.750283355360
216.441336610929
210.449037124446
213.157112926519
211.776853502398
211.672258918900
212.693279842138
210.851549991903
212.572629297819
210.461621026111
212.733870811115
210.338604008982
215.265440235416
205.753189158964
209.129223920388
210.225471065112
208.419932066309
208.913580870077
212.967116488143
213.574181169841
213.312622494111
212.954544801806
217.964223913867
218.077722838537
215.678792929324
216.386368683271
219.476619276600
219.275117477573
216.279932313533
217.365630615359
215.101618727884
216.239878308594
215.525933429736
215.781146899869
221.798045506709
225.206966244396
220.617577459787
221.934666200769
221.046801659039
227.163310787049
226.983185630291
229.291566826630
229.093682323280
227.950213207505
227.728701550940
233.167565774612
234.974863677844
237.480047712848
237.922511594519
233.552336013827
233.554253394134
240.314307611120
239.964612709443
246.371566711007
246.903755729609
244.899213816087
245.189835358780
245.655105126977
246.776515757068
246.737002024465
245.830119496883
252.610178123059
251.840596345957
253.895226881440
254.850521016641
251.004202107120
251.008937402396
260.694689105937
269.217726331623
268.444115951889
280.940117151126
262.396904344206
256.845246031313
298.341824652411
300.844888898413
292.641857830930
301.989596392006
313.765243530808
318.120335293428
318.644994598389
324.508303697505
320.785017073691
312.828917189966
307.456878178439
317.353047161720
322.961725808268
321.383403309009
327.827007015357
328.194909620687
327.671398809328
326.429180735948
317.651916362649
311.539252472714
310.160102003746
303.507324931781
301.725057386734
308.162150836402
291.474658830361
290.861106394922
308.860627883046
294.908390660127
292.867416185730
287.268852366400
298.449284956722
272.345070853243
292.408714801448
282.511415441312
271.712825037766
247.382439337693
276.315058855370
280.794281357291
265.159386502239
266.864627976708
260.698106189801
252.478960251795
225.804552770466
217.948703631247
222.943734042260
218.398994345365
211.167930240588
209.968789674690
207.866923423633
208.739563419103
208.784636920232
208.924524675838
210.198700785581
209.841604904024
209.235929912148
209.497460598419
207.312023978579
204.781197807652
204.245752916420
209.436430885515
209.395969274339
210.771985199500
210.721289129602
215.754567442640
216.047902021418
214.150902151175
214.338372688069
218.195063804180
217.474034772477
218.314130857556
220.160033126294
218.946699562064
219.178488841424
218.353864028442
219.613006052923
217.833031194322
218.302532734796
217.164289072894
221.360854546327
223.334057828596
224.437486837397
224.625813834304
231.801402853187
231.566169308052
229.898400310331
229.454879071580
227.991942770603
228.312153154472
236.706718159447
237.069376043155
240.138637260180
240.794986283213
234.590962935542
234.733618545543
237.727328689238
237.834814931463
245.245640291759
245.036293950613
244.465690000876
244.968571884266
247.287001554144
246.962172235767
244.736320180565
245.949302862290
245.407248980241
245.250856282023
250.287095996365
249.581135099213
248.103588022976
248.977631552087
269.388626331295
272.434481219523
287.553154820720
281.887716237430
258.252844756491
274.784114514153
282.953916873114
287.361173288574
283.408449017533
281.143299925211
310.941778669737
311.154213548336
328.889462086841
326.526985340649
308.033607421175
315.664763432396
308.325552485441
308.343111355922
300.295758776200
298.994786526492
312.099019262057
307.781225640543
299.833982643279
290.379539696953
278.154433083642
283.671920854438
301.021944487771
304.349210132243
303.757409408840
308.601943858657
276.686744982266
272.214098370804
285.771413348073
280.175734301150
276.773586437436
263.026863672374
232.234434768209
232.975135645103
233.791360237925
230.030774841487
259.502973997953
242.015798321232
275.711447112994
255.338364438433
252.544311336651
229.753588097204
208.530060757178
214.557061931719
206.202493963208
204.812781438097
210.628619803824
207.434188331322
208.219720138129
208.063559621826
208.123427433981
203.686134748509
203.102205391274
204.295271838974
203.948405585247
204.424474808210
204.357487864822
203.936206235350
204.249489548755
209.647400262325
209.632785353635
210.855839205991
211.425150351417
213.169049411140
213.597356210159
209.481185629697
209.454518093522
213.141100801320
213.732915903515
217.214479702026
216.946791198049
216.541067774733
218.503374355087
214.360777860211
215.721706466348
208.802485071428
208.793465853850
221.608057882180
222.027855434955
222.756802933146
214.894151521329
216.043855600513
213.953679065955
217.671070928760
222.914243714477
223.904738329436
236.694512186597
236.373667532200
242.512663838983
242.011762694449
239.566849194605
240.245122733280
242.251396016653
246.206950877979
242.721842450846
243.646125617265
241.884351367201
241.621180661016
243.938642536642
243.621678525585
248.300533053768
247.465473305415
248.357030853751
250.723484643934
246.861215137362
250.441771635588
242.910858020032
245.446225316557
263.500407607852
262.471344087369
270.181966766853
289.545381065999
269.021227178916
280.442433767747
279.003919386327
272.974461166037
264.904864012316
269.443313731250
282.547959100684
301.899037839493
293.303594156073
294.947852295394
292.258078667185
288.328410637717
281.657774989142
281.600719333395
282.069807074157
289.826653758987
289.205439676041
291.613106543782
309.620173803536
308.527433478722
309.502482743761
311.214476488085
297.020996055301
297.169493048222
287.791182063089
288.038598789584
276.294791973035
276.276951078342
255.928860495670
254.487590851849
252.134464314318
252.610484279540
260.516081605314
261.314524694110
256.199915279301
257.146677535206
244.296161811051
240.696470033995
204.452470433767
205.064961311238
207.126079745251
214.596769134424
211.229032504537
204.424433642860
203.573860741425
202.629238832623
205.024203933457
205.543089536090
203.346107647796
201.888863517329
202.460615328523
203.103533202765
204.793602612891
204.961903676222
203.956840643688
202.239722271935
203.911647776785
204.362432982482
211.445371485471
211.478621294980
216.192075184604
216.265972224934
212.550469813651
212.963030459265
212.438945869428
213.151336366693
209.909243999694
209.895855581063
216.690091783495
216.813702019343
217.469965382444
218.226154150225
209.015640746227
209.410164619336
206.272366117858
202.772299574458
211.755461576298
212.083759064369
209.246795123787
210.463556517676
212.128052686069
226.677462572165
226.716014974270
234.970243858965
235.578668873286
230.462879490852
230.449916568109
246.386158181604
246.551061234917
245.519050311197
244.759590190794
244.558772475754
243.990696414976
247.052221902141
252.533215068718
240.131366117878
241.184255260593
243.004900825188
244.015189499779
246.987315688730
251.756924850394
241.155544962504
250.993762942744
236.976134900652
236.548638674445
284.791611460555
291.360993178266
281.089672327834
284.399044055024
285.311627157708
277.834169848315
268.753699923936
282.954732149199
286.731222519564
291.269793594951
293.243543060987
292.779423395197
285.569929659139
283.156991924559
282.205158291058
289.726464149087
297.454464437655
298.079784791182
302.720678908424
301.972944887498
289.715327549349
291.119904090042
289.671104365925
289.616708579667
274.469292498401
274.796053945701
259.785240514400
259.710846988248
247.157090007569
246.728100069256
260.519324841583
260.030351831691
251.275813687087
252.876170362425
233.387434182762
235.066271216045
195.889140426938
211.754288801079
208.916658432820
235.701668069699
210.404675395695
206.195896913678
207.024319566637
206.795518103263
207.059262536835
207.002182994297
206.757999996214
206.094328372321
203.943611904661
203.851066541329
205.047266702546
204.048171519103
203.602280224189
203.637450014253
204.434771746723
202.504880515350
203.842796756717
203.045583876892
207.729972506267
207.765023559923
206.801218677692
206.797539636991
211.755836862652
212.079905744010
206.130774468610
207.530169986569
201.857533009990
203.690323899863
196.490039319561
196.598135002145
197.090775366730
197.895042923832
200.523641101055
201.382093175314
204.421592112240
205.334333016724
211.050911311266
226.183470197064
226.259249740268
236.463446792422
235.602475483640
231.081526385247
234.119798030220
239.117470234792
237.611741217919
236.907554800764
235.460909065906
238.093780936458
242.715734226987
249.162125578697
249.566787278509
239.863372210166
245.512957597097
236.060849232950
243.080018352656
245.229891869792
260.478100745023
261.436350115146
242.577828387707
246.102422705260
289.744672019254
284.569474264738
300.181812673358
301.315691204820
289.765966282098
279.821121405766
256.900150243364
243.654277230581
220.895447133727
250.360939427863
282.281036516280
289.733719677398
298.140664856531
285.987514429524
282.053381520647
282.899679416436
282.327384074781
278.931092368408
270.145688898150
260.248904416972
285.695547257336
270.594407863383
272.347301247878
271.053007802097
247.270714835551
246.686485500546
233.749302325527
238.062835408007
244.312086814638
238.048745822017
222.965019738211
223.025391466812
216.938208179849
209.692866600273
229.293126335425
227.847967139203
208.111375318275
206.409099367994
207.511627515875
206.561525886953
206.824882240621
206.720874462431
207.518208202346
207.028856674306
205.165987690400
203.320898792696
204.090058626941
203.099790803236
201.704767965308
198.557693780286
199.991168325687
198.763304742104
200.858083808687
198.180928544197
197.204238478088
197.106912814932
194.913225454389
194.418831423826
200.307511139253
201.657013735686
199.093918254234
199.243834826920
202.572156012775
201.606600315736
198.313092453411
210.480648825601
212.955864645347
214.992118882147
212.239248591104
209.683163035680
207.224368354417
225.838513961889
227.018740735310
228.023342414355
229.324798356624
235.679773286127
234.796380955971
237.565353393563
239.428978377456
224.393294986826
230.722732979430
235.970473816898
244.704646931680
244.225963293418
241.680311297458
242.644299724968
246.778717488382
247.021165112927
266.992923934843
262.144207502433
246.466553911432
250.157276603015
232.076807954134
227.030585076151
280.080767343844
280.313605497868
268.687075705595
271.610061952170
285.595179881102
282.368107030275
261.732947726065
261.721495131991
257.557096046676
259.977472022599
285.128649075678
286.518338225308
271.295554747177
270.930965091458
283.422071736589
284.935552382619
259.636420152727
260.572678512257
249.024029792470
250.160446256949
241.185239987483
224.210631075090
243.877699071680
219.820959434153
211.937643247574
208.050255059780
207.316700195444
198.817779029019
198.705305559528
191.664021517983
188.658354863643
202.891051270955
204.761186562099
205.040925443495
203.008049037640
203.554475254190
204.405026649039
203.985655022286
198.009179211742
195.971041755988
197.788107107432
198.837145723086
193.478824115335
192.292504108274
189.032046752530
197.498371838997
197.509071538066
197.312439148631
196.742110945737
194.127760716073
192.933395461538
202.904740161471
202.745704774235
202.437785882355
202.687004636255
209.934629543911
202.101952803220
190.570054852996
191.254906867974
196.914850959476
196.741647949597
194.319864271279
222.019830605562
221.597993119288
229.996875163371
229.785334305383
234.074696119054
243.525858440329
224.991926342779
222.297504209232
218.166456989102
229.887014355913
234.061442845805
235.118201357105
229.444594917852
229.854121556131
233.072694477108
244.176870051538
246.357843951844
219.905416886754
220.480071865804
206.423243074420
247.052991228595
282.891305522458
281.889308614377
280.657959640993
279.760566070547
266.424108909129
266.261230140047
247.060747406177
246.989002080854
256.210362547100
258.952155608822
280.176326615063
280.470849169465
239.537401692381
241.248934837948
244.003597117089
248.787453870473
228.527874039346
247.587875452417
247.483093133955
229.601723002075
226.342874612124
203.448181419190
207.039097077260
190.683396918947
192.427756966280
192.014146281422
191.295857363594
185.303200807295
201.061974429111
200.924447001286
202.333577466866
204.182617366293
207.033710289265
207.293322696647
201.523958265908
199.950994490165
200.264554595737
201.727257766539
198.093723489550
198.981655183960
198.298267585807
190.744092687425
192.216543519111
199.308494284487
199.255797392938
204.359430188794
203.790310161589
202.018446137768
196.274857426786
201.688988003727
202.400781453042
200.301941884079
199.837681569410
191.795396991814
215.902234585896
217.444851187992
215.808079915801
224.888342522932
233.632315195731
223.417629517134
218.227268204799
218.926045679808
218.675638530257
231.821805131786
231.892479208568
223.949194395182
213.969119128897
245.807593727929
245.408380651032
236.004132687843
231.856819556604
263.061117124271
263.232762954029
280.370505097617
281.507499243499
283.894348154849
284.877726458642
254.217444522012
252.418751847784
261.973631262277
261.921215310253
247.468545328976
252.316677644339
242.880569353730
240.996082472634
213.315989016915
213.121791699904
208.868481203491
228.351746590847
209.960391901757
209.540724049243
207.418619692174
209.125768471749
209.886346466371
198.795148713179
199.116869591013
190.682791919335
202.236501766116
202.602401741226
200.142327775747
203.755548604285
202.942754474865
199.834731861694
196.810662764463
201.430037394357
200.836583407572
206.350497118955
206.339315302800
202.463499590345
202.454587094285
193.999119172561
194.241877824745
196.514819048432
204.031757108653
201.597719821387
202.916257719621
197.381298238015
196.313539486124
181.821041348086
192.982758239381
208.076366290834
213.078278249927
215.581695347734
215.865842878935
217.341526015105
210.919211064938
211.296496892154
211.015669159019
224.749619685759
235.546598345051
252.251306535224
249.709528026858
253.566506327118
270.674957911176
275.843354219546
285.950403793720
259.917582145910
253.586778329296
273.629943343400
210.961509067269
212.968890284448
216.657794592155
197.941270900313
187.012243311045
193.345307433439
207.994066860614
208.446179675825
183.115816559978
207.200777187108
196.887200535955
189.724304562439
189.201647830267
173.899556573939
173.166017213603
163.231920480524
190.616324407123
194.966779545810
196.077305598572
196.117400270027
193.384162363187
197.014168890627
197.026318168924
198.721213651832
199.090101158556
197.529219817378
197.349104512690
204.351964028775
193.430252381208
187.029915985543
188.331558556527
181.521019231000
206.724122888764
211.874186440642
205.974493981083
206.888301842215
197.761020752311
202.751267102825
213.811034635533
226.779926572342
227.104598195135
260.909295177424
261.939735224798
230.082095096925
223.335655629241
250.710115509846
251.449640641151
260.299655581684
259.669245037844
240.477510682896
239.197660850590
182.809929455577
180.451123214330
179.045270677567
156.869905139316
156.018913127614
191.993256027076
180.540373600613
169.522971469460
166.484466012630
166.210276130848
164.601858000352
180.676284171881
184.171469400146
192.345787262564
193.522633948480
199.967528415841
199.905176696706
206.658602984289
205.689097413662
193.416748236964
197.308183444646
182.040982390338
168.788905134413
175.675284717108
181.342848290684
197.414205857749
198.714142706254
193.012629312738
188.176202942908
178.291774853202
199.533306755724
222.580187778735
221.354389605189
182.351538400982
229.398730818040
230.282077801509
199.182213850970
203.386880098864
196.950498975642
190.773337399770
192.587315081220
155.499562740635
160.137828829236
160.848974510574
155.083254464733
183.325567133110
185.400612062739
181.264969542173
190.591725969746
190.762429385798
197.080541257386
164.181358246677
169.173298280106
165.824262685505
163.431214564499
158.286126406460
191.600327529217
178.580709081861
67.5993843663726
202.712682201654
120.464228965403
120.065516042148
153.636210114985
142.544800050348
140.337422005234
147.562433868894
165.884844260384
167.808694388070
145.751015930832
157.318690480654
142.752962130859
134.880863590310
97.0104917649914
102.867719914704
109.815764297515
310.940873843256
305.750436734628
294.628327953508
289.310372342099
300.911962587560
308.269899785485
303.564164806379
318.254722826430
313.855004105744
287.246312600241
320.516765026457
322.704099790717
284.276127628105
306.531481589359
311.742464709679
295.402651764371
292.889945986593
330.378335693263
316.024645520812
299.056567251299
319.173981602859
299.390039254249
284.184271042638
302.341787319297
283.408844614963
304.194896509113
307.824117857246
307.672661430968
318.413291299629
320.116487683649
313.569276729834
275.622773951068
270.226783274806
292.471092888767
319.655826042725
329.683806105649
294.062335475250
296.778277687578
320.537776935386
294.535749772746
301.677075309629
289.824110521312
293.865883571665
297.554615850506
299.299959827518
289.458466448877
276.085444424715
277.552612061974
294.663586628367
272.223297751344
299.226695951977
301.380561974197
293.925422380223
288.231927959387
313.027026196415
301.800259618316
305.340869821018
301.837117506427
311.457793765713
305.809785808374
310.322883664938
314.119990338085
293.181131174996
300.358880776599
290.433861090394
297.187858465776
312.407512110176
307.040353278598
286.850287129431
279.371616498944
318.645536660447
308.374562914285
300.369387827274
307.121714328180
316.867692307129
318.302469100406
311.502366206259
312.364533542164
284.197925404749
309.438563528100
284.263062132977
270.549843200689
295.759927704753
304.027983436148
279.594171581401
293.197446187799
296.744398609121
285.343453999219
301.079895290934
301.606398899117
336.850283712380
297.392753548183
302.254134423366
313.838678268627
279.966624843615
334.617027522768
301.476161420409
292.837619043075
320.175252168048
295.896519195529
295.965853796647
317.424224229941
298.889918442939
296.684111780633
310.691499401099
317.304787093402
305.941730406037
318.764054123072
302.692489275885
304.789777775673
313.389122315828
315.625737275081
295.485848470444
300.804335066413
301.538406336234
306.778467838139
308.146865447837
309.085038271884
298.170576485201
287.284830093443
299.366217607750
300.045877008783
300.939622250206
306.241396475677
305.323006641235
298.141030146670
317.391768541655
310.466819617975
309.014990436910
299.079457021660
299.240591908853
294.219517131721
308.794229935849
310.785275595803
301.684981713020
293.702374770362
299.114733490868
288.883824664638
308.946137780134
308.702730047265
299.862218955013
301.813056724787
302.500103955330
304.381269571253
315.472691057685
314.629614789518
267.970444902735
284.849376708622
309.336956149306
307.773104368162
306.048494246551
310.095217684499
308.737763039233
308.747598993513
316.097491869314
311.603436481439
320.447683440012
319.574949501777
320.675926744472
320.789163891850
299.245557689723
295.294271043139
290.159748753703
289.030343588909
294.953614816793
293.715409183932
301.278190646485
298.494744915744
300.807089840609
292.269968284383
297.922159890042
306.051598074583
324.831158300550
318.298443895212
313.296843111672
317.674580265101
287.662259164606
294.526636116517
304.561432101871
311.413491449137
292.687714350918
289.815241350185
283.682851285696
287.724878645393
307.921412453964
312.263269236283
305.202687787619
281.087021471574
298.015198497920
305.347405557242
297.602562015247
298.068651237390
296.890588960020
292.502111169633
314.718306495023
314.840464908011
287.283404241659
286.923562059581
296.634834921130
284.291137009829
291.333245625647
300.121011556973
239.222761352337
84.3562047614710
229.676194371859
281.457049239735
238.489137437021
235.680870556042
248.521727862143
174.333315895285
282.640452832957
297.107031585443
228.674864886364
228.111056782483
165.952639168913
199.958521814753
252.391528495902
277.270363352783
225.916289588987
239.570985047084
313.854835848224
283.446762442936
210.879484546292
235.218183478617
288.219468357063
308.863505402390
289.591269993173
236.150910096437
229.911733625550
195.003311094582
194.694619583614
226.704590193363
299.307540641652
301.368209688370
252.378127726421
255.122874225795
211.730309834744
210.364591800542
237.043260385038
245.305397091977
221.046810727899
222.555315949476
297.818218645283
325.688686236107
219.374656700969
240.142076027743
255.703959033517
264.223388657395
310.619172441959
305.711842404685
229.343199866612
154.225381281307
283.978530844187
280.457696947784
312.761302259634
283.439361471087
289.198416905891
274.196902081961
133.404117058866
258.220814767559
267.800616533177
234.289769075027
245.014222120536
286.637056173514
231.781049369427
283.216501525250
232.953568997437
248.619660635112
243.663107290505
233.414307430102
222.480923294520
248.662133275330
214.238298459239
222.208534715388
317.393809880245
315.412824647155
289.411417023811
284.303522477444
257.509630248316
283.774135023616
267.949557408726
270.988255620478
255.927894127417
255.663338199291
226.103079482497
223.382665219603
219.379028426042
220.407624106291
236.544179980108
236.919612647773
210.147977652011
198.487343221632
172.287108827776
130.151748546489
211.549111938573
175.584950751351
210.866773713975
199.165034136886
249.957205835529
268.038183499323
292.428460888397
278.323909844840
281.981576092620
271.883130778290
228.026667814692
225.922941421183
262.566849958845
262.185102406619
239.989208019661
240.914532275425
284.399309608447
278.686655835876
291.060012309939
285.616090715935
280.665690638481
279.407663734717
300.150812745939
298.206810513927
244.068015763845
222.105275660323
195.183799988618
214.458365216693
221.312125088004
235.909051223626
215.400873049511
212.440804063740
303.731969602886
303.649492012764
278.367683512860
299.061288283074
285.282429625289
283.168321878264
226.379136651041
234.153611218379
282.816536055557
232.413801438563
288.509626164569
240.316058635688
208.022729270632
233.615779782790
220.920204796323
242.245074486141
231.256377325094
224.139988179236
5.18753238270874
105.159816620789
235.872283036105
186.739958765017
248.493114623026
268.723047186740
281.507401684875
280.566440596259
250.375952997165
253.365678591145
270.217708282042
267.762088712215
305.740755138271
305.657575537131
209.095928481378
216.366272163866
276.989712891662
279.316902120502
219.176031246101
199.606676958861
176.609883550386
217.885236514523
219.902242136841
204.330137067369
215.581231012261
197.544754391504
239.466283776737
242.491847381573
227.339358167852
231.321417662068
236.823424113168
234.041921359602
233.223679029571
244.650191306203
234.479031090228
229.389399189194
213.404823248299
224.878689741239
245.228225343425
238.115808958949
236.212284292835
233.626457886347
315.986259382597
283.467033742609
284.902397182521
295.349021711645
311.781280296063
307.860982374352
286.319034400968
261.571150705025
240.227128589503
235.362726570707
190.334578077661
238.118534911140
240.963533413589
220.471187049929
