222.739816654404
219.194673373862
229.688387981236
230.012355907899
227.933343988789
227.483014226761
190.251406995856
185.979911927413
154.323911407628
139.145181487222
221.297188926957
213.550597879335
225.303817948801
223.765752303399
211.941901351308
223.844313844438
228.873509741010
230.449196768038
225.577367777059
241.088096936648
246.600430480567
230.114503774502
236.117925742566
227.110080471281
220.603599579571
216.908857113857
227.171517222685
229.440450905813
233.145749168444
233.223898573462
226.689829675412
222.184465190863
226.355513286223
226.357935729865
243.399761026090
244.304560735128
239.940839862650
241.914627874374
239.646615116385
235.398677296898
235.747810574533
234.209399213446
230.436624734182
233.374837976592
241.391327372756
238.170457328569
263.753323773761
267.765487076058
268.097542947307
270.404339954996
250.827362569123
264.334360588146
257.910446327979
247.352403572659
248.841428654674
229.866423730418
222.437258077352
229.628525423794
228.212829876104
234.658553835091
234.757572810514
233.553024053497
233.641977329223
238.919681552507
239.125580813745
235.950359361033
240.397065505369
231.996924034032
225.504162318312
236.164167471629
229.546314073246
230.082869308250
230.520741275017
233.457320316645
233.965439087543
234.752179120665
234.385986473862
238.729219967657
239.737198330396
231.869522049386
237.983936541510
246.774299644821
249.492666131954
246.579175942265
274.564784892429
275.216753174954
284.955991724826
286.112345784912
277.674247626227
271.120015974719
273.674198675277
267.349639238308
259.622133521594
261.591841175229
248.101429975296
241.544977812442
264.816986925340
261.384107903161
227.405785905816
239.396244020726
238.658487516339
238.700448641901
231.396764410519
232.829876892291
238.900381975804
237.584412923060
230.690597316183
231.561516431409
229.613928423952
227.895879151387
226.733614580083
232.193560738767
227.891609793170
237.825130385693
238.477238840289
234.334819752772
243.657165536244
242.580172116794
255.447732455633
248.533615847840
240.260692711671
236.523721040722
236.048371645044
236.095681354602
244.027720287497
242.650498058693
236.583000846703
236.848411600169
229.377881577517
250.698137148570
249.900434982709
243.669030474172
243.710734045968
277.919955259399
280.458099593026
274.040702822165
278.570145549708
278.018457443773
267.017126161900
268.379243345510
285.658484424442
287.614588596871
289.695194122770
284.714903220351
279.895555446360
274.803496767738
289.207566013680
286.285021776335
253.835987434028
253.952088052425
257.870020528343
258.168039568325
239.002250706878
239.818968906645
239.899165651800
235.893888641650
240.037110251934
240.206106054330
244.912541299895
245.346395813943
233.874605005447
233.633225858550
240.540676354254
240.398047228109
246.878655668533
246.055060877968
246.798672069047
246.307288002193
228.324583727905
242.073048176540
244.018796772696
246.990721476394
245.464000487629
254.920372594305
257.440036863532
251.915464930089
255.615207683273
254.568765774075
251.920779532312
258.018732043710
258.045746332145
250.092315234465
245.229676532871
235.687706377551
230.962253497952
232.331545464756
245.673052172732
245.907116668579
239.474862899372
244.551742020745
257.940815509026
247.256848851700
246.883622790898
267.511490358697
268.270767759717
269.105390391149
268.034551496562
269.628433947377
263.670187330154
238.022610787923
235.733208139817
268.468496505147
269.504073825251
268.916916400352
266.936217981968
282.100764873001
278.184293175997
284.556594862900
280.382735983523
291.059708411084
290.288413248123
293.234307299933
293.835574909042
265.489826730068
265.505557210391
267.414199313269
266.388847552002
270.637421632828
229.810065975093
234.747845447603
239.283798454523
239.245745328659
234.560306574014
238.960433508951
238.965061072554
236.575825338623
236.735931739788
240.857172058100
241.151676214056
237.906514204686
239.031708453163
239.796526503474
238.866135817772
241.310841464712
240.928943515712
242.928645662697
252.368640188138
251.116946335218
255.874371134526
256.571934802487
256.635666716946
255.885497798066
258.807217987245
259.050398567296
257.726279846248
252.226217598794
257.891011957141
253.299307698442
247.625820664263
246.006299025515
250.493719487501
251.753513820646
249.515917398372
255.321047868013
254.591409226589
254.101410888267
252.918774902887
246.133841529869
247.416749620205
272.508031785725
282.896422109615
272.176856907056
272.976804301618
273.103944824984
287.244753573235
286.514650506747
287.708711908708
287.799097327917
276.899986192298
270.462607847332
255.835165891291
250.226409546577
278.218748967301
276.497271945893
288.763426742830
291.375914925460
295.901115002273
296.083185402322
290.097611082098
286.913721364498
298.595715907092
296.093108367159
288.056605623212
289.555789221962
280.649778740997
279.868623737161
294.697369394910
293.433838439259
274.909667019985
275.234954524040
266.932112465393
265.937960231481
267.078432657202
270.998039223228
261.196845066608
237.040393570683
233.886642318485
237.469086429002
244.002085221509
243.849926638683
240.205341429785
239.964289060629
239.055906403068
238.896150014856
235.472770615535
235.360850079404
232.863806096087
234.305004296774
246.852121278715
245.162716384726
249.373325739499
249.174129540969
251.369766002457
255.069289085612
251.316048453312
255.082166435492
254.353001112978
251.191738888485
251.865473940907
261.229822380633
261.216724567191
259.746154755534
259.881634315455
261.241263873404
262.166969980774
254.025148864982
254.935369816319
254.413305170560
253.835709480933
253.052800621688
255.466838943932
258.163862228354
258.154158367658
252.035020669769
260.587999281418
261.059929502372
260.844706034521
260.271275032833
262.354266910653
266.572460401910
249.352072927724
256.835870609605
278.925822009213
280.127146774638
280.710775844403
291.067507116952
291.002291530110
288.748767279731
287.286539134179
271.960613047889
270.652557329345
286.464508837471
288.667928361591
291.240220647959
284.202972143337
297.521364565841
296.699302035094
292.679892957731
293.138944959462
294.840300202223
293.064738750366
306.817651090975
304.956127270893
295.569497179528
293.846590771697
297.932000247251
298.558983741166
297.591067666629
296.033319351956
291.123848773913
292.811603260870
287.272311286693
285.888830893259
278.918940050145
276.803116157204
265.216170696724
265.213051200645
263.422021446326
252.705371006817
239.932610891287
258.373059992024
250.115377503292
244.455785768208
244.490417525294
241.454848013675
242.069256915699
242.555807495833
244.511193889437
244.626781926017
244.237199270496
243.980422681343
246.456505705705
246.415055771497
247.904911470597
248.736845722172
241.364046778888
241.480526212278
248.819291061716
247.730978000244
254.854912123312
254.258420165551
248.871327234847
254.012244520420
254.129964042719
254.394338989776
254.269329731228
257.839515584279
257.017772146850
256.283822121190
256.828691848001
255.232380554038
254.049462180401
253.973541419952
250.638013701040
254.773662653432
254.808743849430
255.826579488384
255.921558075530
256.975589026024
257.060407090347
248.352401490473
247.626014566330
269.587790739497
266.954089967265
261.869778860727
259.903539508810
261.620907244531
265.736367843125
265.985603440333
265.856123880221
263.945760569992
286.200140641038
288.273016118802
286.988905424934
288.160037459920
288.320442567912
288.453222389092
293.630419176804
292.482966896042
288.117630393303
287.970590906985
281.800920184447
285.926079256458
280.321248606302
280.003012742288
291.661584643111
294.317260722294
288.659333930624
288.874887641556
292.854798004289
293.046541226812
297.095069912781
297.648236882179
301.802432636208
301.599082195442
291.820130242440
292.329342278997
292.270110466625
292.235211019589
294.806839071733
294.827867764379
282.192950136359
282.445612543823
281.114151963963
280.301730955690
280.304016463582
279.187763506759
273.695820536213
273.763786275769
262.392253958574
261.798890881369
258.225746163414
251.087275527932
239.816385659487
248.976320504788
251.456483298593
242.863175658765
244.775952986669
232.818469204942
237.743371004463
237.109669319572
242.563413636309
243.867182790772
243.800430429372
244.186021354027
246.943056397811
246.890249601710
249.197547217070
249.371541464652
248.394041673504
246.464489395010
250.089564063978
250.005802547721
250.643573037867
250.846204675542
252.936152150422
253.390638532888
257.120585522540
258.719300966081
259.043782484292
259.131231343924
256.731061912206
258.846375135137
257.328666096299
259.030923050895
259.924331342282
258.265192881600
256.844886327786
259.001344429324
260.895859838624
262.454769698144
259.062472401555
256.353556429669
253.105176918901
252.368430831466
252.057550861469
249.816566857251
248.364929880261
267.757789200269
267.343009799877
261.466858296461
261.624221075189
264.075238902784
263.725044356552
264.092763413520
263.876450401324
264.069684357890
264.089979815920
278.570994517935
287.373366618607
289.846627237122
291.586575085310
289.107411338033
292.953073307047
295.953460932398
297.753899569063
291.003328658679
287.390971376395
286.341543266378
286.086869117571
287.986955149032
298.931112638122
298.365190115246
302.247215706375
303.661303081099
310.301310373175
303.806631108403
305.109149055799
302.504885246858
303.192725337162
304.690817271614
304.884135698327
297.386734791972
294.567177969213
294.562920260128
297.771794608909
286.194272827091
285.880514416685
290.417440025738
290.565740469252
294.941248567624
294.596703264454
287.824613956930
288.232259913370
281.900159454876
282.117225954204
275.497272431738
275.307437866100
263.778791501170
263.111263812630
242.410406607361
245.594294136928
270.272245870243
274.332599320912
250.666802604332
240.710414200000
235.751377357407
246.903172188399
245.665425488713
246.637028068043
246.523082824284
246.559723556748
249.338675909136
248.782138549524
244.156741254927
243.834663479641
244.454200114787
243.851556616142
247.694036934966
247.951292683923
245.108110810376
244.708240501316
249.437530273177
248.662606655883
252.986750349391
252.981780827693
252.514514162194
252.554130614943
252.894534018602
252.961009571569
258.745964988315
259.954134906008
261.398660363378
260.691723493352
255.067422744709
257.413658169610
259.995500826692
260.446872901883
259.743963741443
258.691344930115
260.980953088259
261.987913740349
259.774919608567
260.819890588556
261.660974656580
263.215508181212
263.184002255956
261.623055116335
257.441194789737
258.214268381388
260.572910763305
265.247861028786
264.404145856034
259.140619061785
260.060159770625
267.726159078918
267.620192473392
268.280549843209
268.245896073616
267.298242729334
267.376702080272
267.329553901191
269.802559674184
283.214974067560
287.693435713230
288.730697132285
288.632298919743
296.024962409224
297.767650550357
300.753666600564
298.528588351917
291.447928262706
287.006692393786
285.473885937309
287.940074655157
288.521241864446
296.498032110336
296.536380082807
299.712891354884
298.124713233382
304.823047200838
306.624129347387
311.458672197936
312.572704532361
312.400940311292
307.710398497187
306.911829952328
305.005543171912
304.577295283119
304.220124984415
304.645178015995
293.205468444823
293.316863358898
283.260581285677
282.426610504183
282.251121690465
282.639207935534
294.606448518458
295.447503111704
295.329573802788
295.352770981107
278.609357467448
278.285628102671
267.095367384983
267.116899014601
271.194517200542
270.833582423221
264.354889610507
264.253566135898
279.457794723141
274.846953844225
269.855450642120
233.637017461712
237.568631071883
242.465480127875
243.758383161807
246.867055890086
246.175223023619
246.209724007392
245.725101394668
243.763751963006
241.696240685943
241.925036164430
244.563195003853
245.505255914346
248.067216004291
247.328702142778
245.255543912701
246.185316833526
254.065459275312
255.085514445911
256.012078399651
254.714622258936
254.640626106866
254.829375225923
256.112071739342
256.472034935140
256.110652755943
255.065129146653
256.440237987201
255.850360178368
254.555968500507
255.975206124666
262.039127643918
262.614845416016
262.755533979849
262.904279759110
258.614114388261
258.489131623699
258.814342051725
258.843595506434
261.598447061548
261.959868226018
263.327194500159
263.359244915949
261.539510236988
261.449496964776
262.475983498799
263.572127606610
264.052414858471
264.806539658451
266.849600844967
270.832055214826
265.872481916954
269.403620678048
269.674938443935
267.490674699371
267.643418230688
268.238010405626
268.126250880341
273.054895845113
273.670377235785
276.987211423485
277.543903019322
288.744922541625
287.773375756867
296.367027387909
295.624221297889
297.809224031752
298.235710592159
295.358186085816
294.377552453270
287.967095831278
288.029641911934
298.870996440779
298.716853121555
307.575387462642
307.679425970470
308.172120704869
307.845662896701
314.234707554439
312.253622536785
314.427446973028
310.964104208112
307.454395075321
305.370211628085
307.096074109807
307.118090179030
307.436114908752
307.447809566196
304.044206870679
297.217743190895
296.498508239422
284.299562376986
289.245443228613
295.249669218554
295.277554459201
292.637553738852
294.277718502399
298.331338109350
298.419502089592
299.790200374206
299.786239258266
294.391379187935
294.400136951895
283.811161637109
283.697913163779
270.226536944142
269.625849212615
274.783591977719
275.732153036408
269.999653945136
280.231803852877
262.613572172976
279.017589568158
258.792895536353
250.049207704918
260.074321943218
244.849148491943
246.967359876955
247.684940851605
249.914245884381
251.348406836888
252.547412542819
252.641538238267
254.506672597438
254.684912587562
254.953867977006
254.702492913662
255.548572040461
255.887324233477
256.400690367599
255.161266920387
256.587684846422
257.198292743252
257.326619855078
256.498245971502
258.784425771299
258.873039653485
257.981491401799
258.059477223656
258.539191891863
258.092800891976
258.036613984248
257.667965738288
256.971122021550
256.882881288432
260.734181263044
260.845224589804
261.213225205539
260.976704258757
261.920565879344
262.151181456849
263.838001353852
263.800315182944
262.644580439622
263.506705681959
259.463854400336
259.524313971528
257.060184630355
256.914502536507
266.961477001420
266.627303158176
267.392161929573
268.692741264509
268.243673357159
270.669688921220
268.698544884997
271.821119023814
271.335141834478
267.536028347585
266.134610038539
268.863538309734
270.675785027659
274.221822666678
273.696543794127
282.130284517916
281.199523272240
288.405450058123
295.359692721350
299.939962163061
299.909568791002
300.890243699813
300.371738434302
302.235513217098
301.648205577287
293.032508281807
292.232547968730
301.322121897929
301.877925362784
308.049665188611
308.343227358339
313.046300706912
312.659484093999
311.549539615165
310.744788608882
315.542053917964
314.355317496471
314.791519905713
314.374470934438
315.897452086551
314.163559659625
312.068882005566
309.166869412718
304.215059609966
302.423011018847
300.553153459584
291.467763484761
300.599181244750
302.185985224739
302.027512864047
306.142185649683
305.253909562239
290.220852707263
291.199146153308
302.414413846335
302.287479242693
306.467775474882
306.237440570145
303.577485725359
303.222222956829
293.818961684655
295.005509743969
266.855024539841
266.926973713318
269.263566662869
269.075836282832
258.236104254876
262.243532595844
246.862516258429
256.718291415462
246.345118188701
254.183618532139
251.707977054099
270.502171870837
259.827701882063
252.239412359724
254.053338173484
254.718866976948
254.931578127226
255.460040078362
256.084845673724
255.780054080641
255.403377127883
255.151668106431
254.998227374444
253.796893045481
254.384693427393
255.177027153597
258.521518813413
258.337841304483
256.731211573296
256.992987924740
258.540763798000
257.147280374361
255.403304011151
255.776237497142
257.891526163032
258.925742805937
258.489091576360
256.164897148090
259.139170303390
259.186512684737
258.297536430110
255.956080228258
254.398348158186
252.822671035542
257.729314276652
259.885019378393
264.662326229839
264.735517908174
265.116504154675
265.061745672198
264.839978131515
264.794461874792
265.501251402138
265.508905117150
266.444349245646
266.395389705573
268.558139316034
268.388316292768
268.570501525621
268.694960541921
271.107141986001
271.262411980596
275.250455273744
275.641609217634
271.360412933729
271.327364951717
274.984211427292
275.828186624563
277.672904129539
277.727253675809
279.717990347158
284.341226498149
292.620465036688
288.421066918447
298.912023226898
306.561313810047
307.590752413507
307.672433893564
300.718419888974
304.291075526517
301.598210450385
296.641025670749
303.822470296976
304.211557363606
307.196607335175
310.241600436494
311.038978134006
313.518757327356
309.349105267122
309.187165110886
318.159280380337
319.519427309166
319.912640408436
319.655572807107
317.050527621365
315.804330918693
313.019657264524
312.222018113314
308.040487475803
307.653883911642
306.345348415195
306.037303983200
316.439650319777
305.737775864614
304.274369396471
302.244260336718
300.367127914671
303.389415384484
305.721745144714
301.559460284628
300.356468708112
310.260991933481
310.964443964590
300.875104203170
300.922205963714
298.501611529309
298.533505315775
289.742517425559
285.235208240576
283.624827759231
288.067053053508
273.972377589436
276.233745591795
274.712466375515
275.238315927791
257.566482900252
257.136814963838
252.132477156148
251.945367059572
252.481278025620
252.980978291544
256.387569140312
255.929449389356
256.314189913405
254.913332707626
254.866056555007
254.104752390398
254.265512024349
255.983307292457
255.600199414132
256.691276310351
256.490697300190
256.270233644301
257.492372099648
257.200331981778
258.987849167462
257.298037127537
257.168749874775
259.209445428730
259.319287935456
259.584231905536
260.294866540398
257.838139668071
259.591161802728
257.358763543944
256.610837873692
260.163974623241
262.498402361094
263.009616785550
262.284718556579
259.069990539277
261.479651794850
260.757702470366
264.745389497730
264.539143241445
264.253910222525
265.776572242827
264.361133991290
265.552542898042
264.239068781433
266.426665189071
266.910879791196
266.045512547967
266.717151654265
264.204428548286
269.468131194039
263.360867643469
264.145854764388
266.287934710770
268.191296963875
269.073224133193
271.784542259043
268.087740534576
267.656855574556
267.670896729311
269.425993215639
267.106761681472
270.371088401788
269.883711703524
271.189936300665
279.813388430544
289.518181475685
283.356046783414
290.074670696220
295.560551632220
302.663295622985
302.176116729370
297.408756223585
303.704322920165
303.349400004498
307.272444428324
303.322026006699
308.470670435864
307.915812021678
300.113979562224
309.020252186324
312.486414617132
312.352867177824
324.625740154936
321.088154190466
321.010836228797
322.376787641681
322.111318919192
325.446398121234
321.466310615221
324.007331422964
312.561708039266
313.660237810387
310.523377833731
310.397110572594
318.365787643517
316.082045698716
317.330599944282
313.237351027497
312.043546577391
311.035223046665
312.015696310787
305.777245862574
305.909334361737
295.724417023072
295.164367726225
307.635509716044
309.414146474696
306.352565615946
306.377891683178
304.097777832736
304.097660733763
278.464188818573
279.337268236903
284.374430002581
284.446698817394
286.223278921217
284.611180100468
285.152080084879
278.314226000639
261.437573164549
255.738931967902
254.119710505133
262.527375185525
255.456784059190
258.831119569866
258.802508588599
263.343138577488
257.730416354538
256.272082018940
257.159233031935
257.172434328722
257.712356413751
257.893586948881
257.803845080504
258.286340589357
257.749917900897
258.105497700724
257.627837160249
256.504973202558
256.784141432911
258.289312870791
259.865242563184
259.502913285247
260.504058584957
258.927237164314
259.707536869898
258.897383051133
260.271219408083
259.098734727549
259.750101802274
261.077870684855
263.154619480973
261.117291934284
260.105113244502
260.910252855288
262.995733351580
262.212013286481
266.341705352681
263.495563726157
264.971596237199
264.212854721475
263.541265985005
265.343009813028
264.325155902297
264.024029918560
264.176383412875
267.172516515625
265.608473603928
269.504290254908
269.167984518695
267.458814706399
266.617227291840
267.848259784493
271.254435861453
270.339802310530
269.862445537817
270.015156476740
269.693491498259
270.025777853779
271.476559506030
270.029688143463
272.156987731715
271.343621276189
276.236325445971
276.156228929119
283.384426149926
281.654677283104
299.082286509143
289.739293969093
310.955549928934
302.714885186202
309.325653520284
300.602625725636
308.812566064498
302.111912369430
305.394650888507
309.733327477443
301.887631777601
316.816400126009
317.138051474482
318.916337185285
319.901915413498
319.805925153972
318.448439942530
318.959252488728
317.449048146624
316.535862511992
316.437559938249
316.957319255299
317.097249970539
318.262145595290
322.098908544618
318.947465958598
318.791535088802
318.916001010030
316.267875568465
316.074385392739
314.550378655493
315.360089935203
311.135617547394
310.669569545679
308.257775435396
318.422500161861
309.787353573471
311.763339466882
315.103985161939
317.737994861617
316.393810937903
316.635722309837
314.525263543694
311.679987325612
295.774384343626
300.607108157960
301.844319826248
294.440259973878
294.978578222044
286.898862820546
272.013632330112
266.722036214207
252.510604583272
254.924841782074
256.819611262722
272.834048939982
257.310820062968
265.621163158051
263.085795322148
252.658703359674
252.472990946842
253.190127636007
254.626208743944
254.512536909481
255.286865658173
254.856905761980
254.668169208506
254.629445703352
256.063932179854
257.017541714105
258.204864994739
258.433220826106
257.816697701860
256.752293505672
256.619505297166
256.355064376911
256.316439937661
256.652486696852
257.409418889316
256.497574907849
257.044720037170
255.311495540659
255.734180428207
255.985766223385
257.983652120490
257.462162591874
255.777155188663
253.579769438289
255.016558844694
252.256900355390
255.660332037933
256.978491805786
260.521644202555
260.767119177825
261.096207328070
263.474180174271
265.718950044782
265.196824849928
263.206367329670
262.681603662204
265.659988592773
265.235430176509
267.421278840105
267.642178660481
267.153017740461
266.318013391725
269.806185460277
269.856569181489
267.656489357963
267.810022209291
268.849606293076
268.750393246269
272.251393178281
272.574419115058
277.260899283497
277.174711189835
285.496381372346
288.152933137926
283.280487850492
285.458757696475
283.718030109074
298.746359155644
288.911768695693
283.596641839061
294.445830803963
292.846931357520
302.002614692299
302.164732616563
310.888826640632
315.433003625845
309.765419327037
312.079484582566
321.589480893039
320.856836108269
324.726719101848
324.620247975153
321.991460751455
322.556873473614
319.783946877887
320.226573117487
316.774268456720
317.089797752722
310.744753632087
310.535325113984
316.396194621751
313.886923821654
311.588129289602
309.803993877618
313.776431634454
311.806480837306
311.642620926286
312.963620532193
313.982097680665
313.592351533339
313.930932217052
311.209481183710
310.036050858019
310.774702035866
311.979323003934
307.268405099976
307.445729669495
301.218377761002
301.297043142279
299.737106690649
296.679691483004
283.754347965509
287.272257914539
282.039789894300
271.777184430467
275.902744431369
258.381128696918
255.381726468420
269.741419617562
272.816990324970
279.497631453422
265.089546965288
252.183802102284
252.593650040769
251.948067292186
250.683264777952
250.602138632784
252.687589195953
253.122930879662
255.140241365313
254.866768777461
254.261375502411
254.066174226321
254.202049204264
253.380569608829
253.367853557317
254.131110201155
256.029473889561
256.295701697977
256.803839083829
256.548124629059
255.562728910452
255.560208458814
257.865539065547
256.624423811887
256.513090200452
255.077421906009
252.072652798140
254.469522441965
260.888665669555
260.817652203842
259.529954286882
258.861974087319
261.314752734066
261.197836448708
261.331889602186
261.308431863629
259.922682979318
260.429023739225
259.245207550184
257.791235718158
260.178770854967
260.162780417319
262.595412325937
263.700769370571
263.354681779641
264.038988967109
258.132132447647
260.023877832894
258.690542743411
261.405808513895
259.157369326810
257.145849184924
252.695461390716
252.869226093306
257.746966197948
261.799561822775
261.493576327193
263.890938326280
265.314995904803
278.856232493028
278.169885011984
283.232186318041
285.071587239711
302.590480492997
296.299828544358
293.483559801067
297.406408290009
296.320835128455
297.505233546344
302.582152534794
305.552648552790
311.608482733820
311.362637837499
314.468328505039
314.576894144687
316.059760408865
315.575291046086
317.164641953067
317.687069140573
318.192109775627
318.395740156720
318.998817860041
318.709739844535
315.422227424474
312.467884083985
308.346190999642
305.426059648544
311.963205608157
312.880945143539
314.239121472426
314.926037115364
317.457370015662
316.067475352333
315.879896535820
314.704248819736
313.914140117033
316.832382536203
316.070231504352
308.708824251457
309.949614509919
308.909634471052
309.501897929249
303.496563741569
304.540108851593
301.947029489667
302.460945273277
281.633235331733
280.548973819087
276.787513240245
284.475153838956
264.679343860671
266.653428285484
270.718439757255
275.206023626276
279.725604069915
264.768903829442
253.791446890298
252.881363071973
253.898116903617
253.372283782440
251.407730198302
250.216720679565
251.271254353366
250.998679070254
253.512734300988
253.670662367549
253.495458110569
253.049977596359
253.774437383211
253.995076221282
253.321227766671
251.812640056659
251.658752515540
251.935336162003
253.396272151432
254.016310309615
253.590637443126
252.231666065394
256.722054379550
256.444064154880
258.658224630926
259.014307019996
255.291547564050
250.260409212981
251.889917696681
250.625149858055
249.684766760604
250.599476349283
257.718575801061
257.685619951430
263.391064875419
263.202871375585
258.287852483405
256.753343425399
253.539860562039
253.495862057039
250.378214793072
248.957026810613
256.290447464076
257.955770211329
251.698211311189
255.979626116427
244.374704402531
243.647439831586
260.254189435714
258.961853023394
258.834200719199
257.617889364418
249.175853182744
250.840570932862
253.740746454856
255.535036357266
254.884236101032
261.881839238525
262.967507940043
261.839978316692
261.760274112914
266.725358369432
265.826722393290
281.223539343408
278.436603411418
293.448773261426
293.790342265723
309.175016279631
309.968282231630
301.924225291023
301.448033076060
304.810889401176
305.488385950875
314.539393007548
314.996521584784
316.150041086077
314.079730863222
305.504873211869
305.092040464271
307.254387008588
305.140145364094
305.867608697008
305.367019390657
304.746115163309
306.338216054516
313.480534316453
314.037977125202
315.247053117334
307.850304853875
308.747350884867
305.503060310777
303.599486965650
304.984014745577
306.580073493502
301.438394113428
301.405086526175
302.921858331064
303.012336925551
292.153830613675
292.887478848078
284.369963491130
284.719885754310
285.277185505439
282.050722311172
280.428780968751
292.735066650305
245.555195073060
253.177651043810
257.114582308182
273.406647707992
259.115809017961
267.291635401362
252.536307277545
253.015842637115
254.951317583202
255.084967846558
254.288092458851
253.938774780075
254.632123406923
253.113991601171
251.788238180773
251.312107761179
250.618395161290
250.799852720173
251.695931540226
251.875573212945
253.556154771031
253.832938547722
254.138141086295
253.481766309949
252.153397269016
250.798539746189
248.167984217111
246.404308834144
251.468374818183
251.513717671378
253.073345631237
252.753486334578
247.248865750301
246.793801999666
246.357923644665
246.671903325468
237.399414303138
237.324606481846
250.701594979702
251.516935279005
246.269681015523
247.042492657415
245.877323511780
244.039499631576
240.742218877076
240.716713203972
240.941435702443
249.872089678815
249.775172209578
256.520454836435
258.116022190793
255.723182257745
255.969071416679
262.445381088354
262.047576753094
259.452370815095
259.309115111507
254.931916303140
254.392557806285
254.610678362071
255.798058712387
275.373748460121
276.501186653131
273.416954264445
269.950997117709
267.042343005026
268.189388514159
264.840805154573
269.069068010374
283.862923673610
304.441814236705
304.677575086307
302.710296901358
304.425933285224
306.340535379399
304.125362679373
305.974662509084
303.230869081356
306.623975693364
309.095971385656
305.624105564728
301.102713133103
301.866582219109
304.078837072919
306.336339820722
307.016277167289
305.703407507168
299.674223957854
301.294358883683
303.325028454584
307.898493002336
311.862647269671
312.055284176810
311.441206379073
311.708701796491
298.671425377144
298.657206739055
288.843530737922
288.596382363547
289.091178363311
288.515370391456
287.736434410252
287.501366281256
283.400956274999
285.626802111214
273.173343285566
262.868849362100
238.313994537432
268.899018616013
267.028298645397
257.980663899803
253.833321948915
258.948004152194
244.163837990193
246.357034347747
248.751047773713
248.059739023871
245.759146016571
246.730355595954
253.270078782174
253.229196701749
252.840818079912
253.132778908579
253.059111967182
253.343538906535
254.419249653901
253.119943162822
248.566700488413
247.443006102503
248.117584757722
247.450897800470
248.497890981551
247.143198509055
243.677577295428
240.808952523153
237.015429324008
237.320481128164
250.193116763512
250.401183732466
247.127022974597
247.133371761507
248.281893023774
248.570786807645
239.239494543917
241.362348698241
243.289754503662
245.416294016880
246.271252128324
246.010215926890
243.023035711461
241.455640900891
241.013641420371
250.011632089688
251.422863853589
252.677381616926
253.651851308357
252.257168760401
249.214798800757
259.240090241199
259.260994271410
260.230752617839
261.115008395699
253.574926428631
254.039108981501
257.959784369650
260.526321411993
273.412911437313
267.748465831010
269.626849457081
273.329478883581
265.659250602503
273.923178789683
261.166662621055
290.256216862692
295.614119836999
297.460422844544
301.510332044521
313.346719757676
311.796930185281
313.347524090135
312.282880231205
312.660387506149
312.384058520111
312.021329768395
308.777427218138
305.913785263407
305.594905522735
307.204915106279
303.004773873378
302.546284566067
302.685092012861
303.477394337404
294.475333700991
295.366736301921
289.793806728067
291.937401231468
286.291462124275
285.984786076778
285.160563288937
286.030385342253
282.973658052815
282.472723191142
264.625331506920
263.448717732345
253.812748811370
252.144354752279
250.933771328278
252.134051675657
252.771154705215
258.783607665476
249.791181998810
257.287279915757
252.547044993997
267.566912308208
245.876699472703
243.899819582868
248.849783493471
249.340888537573
247.245681617051
244.440444479266
246.891922681471
247.267876299965
246.944236509378
247.749687464006
248.938402402921
247.829622301482
250.557447294879
250.542788785840
246.515556771683
246.068852986266
242.127816812122
241.721332483462
245.574342011176
246.130995745784
241.701343041883
240.692902682212
245.590366187637
249.553738859132
253.463210735522
255.589585429934
252.677737493263
249.346213393193
239.977607038983
228.973977660663
225.730644023728
211.676658509031
229.803098850007
241.481663729034
244.833338577937
248.582629129033
247.312918308203
244.197630354871
244.185519207282
243.719429497437
243.812433502491
240.956119555355
244.586144599961
250.693734266442
259.165611367626
259.307355525762
260.375323221897
259.392106913406
260.243705384232
261.972359665377
252.609227236172
253.045525915235
263.265357586308
265.066592050772
264.896414554035
265.551856326062
293.439484714980
289.580213626640
291.885440203808
295.790626938581
312.220381451818
313.560498926685
311.716196483570
311.961381598140
311.568125714510
312.171104244740
309.954177601544
308.487033521241
302.584972449509
303.095540472244
299.494713656902
298.695383152919
288.922139873304
289.517538234728
284.926441059272
285.586481456782
267.082930120191
266.706376944642
265.573555924796
264.933422077040
261.475145413737
262.897790823029
253.019845951342
252.168389863011
251.435072357754
252.321427580604
257.558265779469
248.960932354287
270.291678462444
278.553119129063
268.249411040185
257.698000541973
266.390535230843
259.985768486125
243.538788209598
242.318125423676
242.875245643803
242.389578311158
245.746729427375
245.833883440418
247.230607870148
247.252416882298
239.527219197563
239.016084821974
246.206927027252
247.069964863124
243.949483346648
243.506699824658
245.866302899352
246.553565019920
241.491486732776
244.897535704522
248.156996002709
245.791266158066
233.198724140223
227.724632020788
233.523782432806
242.029015609690
240.511447558364
243.056020521181
236.360433072705
242.667310085912
244.022848664672
231.869121472973
231.730624202866
229.537936351454
235.395844179401
243.112165061517
245.947717657956
242.432156180675
241.351468917687
244.519007787815
250.295156365253
249.446594217388
253.170266707599
255.851513434006
260.975103735625
266.461411609154
266.321780344572
252.726524152943
248.269744388459
255.953217495786
255.440483920701
256.396225783944
254.957312113329
255.159587596755
253.680038514641
269.268201826128
271.954726424127
306.809112228110
306.438542463356
302.914386476042
302.327555434840
303.722127172387
304.034695687854
284.496780605806
285.135743845552
289.934597543885
289.460351902364
273.396266073793
273.443746664687
264.328032782369
265.873562636258
265.953244553420
265.909610867761
261.490798733612
261.048355422200
252.110389234692
254.876721133966
255.756358757757
255.680423705793
254.245994616096
275.962790612326
266.288600710303
242.830414280787
237.639288265477
248.542561224018
251.655017724073
247.363982051857
238.067674045603
238.385538076274
242.950022405095
242.994251176115
245.250998998443
245.820251624482
236.212646954694
236.432970764615
232.332603324258
233.838611136431
240.772000753589
240.905127433103
231.165372264013
231.250313558482
236.892505808164
238.826949268053
227.184377116656
214.837588468847
214.080415904042
216.927056666641
224.220373631118
241.991426721779
240.851700011355
240.271659685761
240.384659061985
233.489982158347
233.638816590721
224.284034588605
224.575478377644
228.687332214708
236.442150139736
242.112119868113
242.970449048479
235.885525189818
239.741083373362
239.612600321472
255.722361723198
268.837567480001
268.622305455857
268.697413240416
268.122249200513
271.114256100833
269.317998778587
263.133348013034
260.492729296141
254.535291850587
254.435136737060
256.271646162001
254.603487597127
297.086130713087
297.236596741450
299.546757868342
298.276828205423
309.884706361909
309.772339547377
285.414278680509
285.572950905274
286.753239315447
286.528985304465
268.336238046127
268.503221372965
255.208579238919
252.495497840830
260.078100164714
261.138353022227
256.947006017885
258.032415199972
267.980905675118
263.541837089143
248.548138188485
260.340688014944
253.407080806553
248.758820997080
251.270209593482
236.764497051504
233.795294121438
232.986830325948
232.056656772713
232.660536491495
237.294959545516
236.029947738326
230.446274594890
230.514338397083
230.255572348101
232.676641235115
232.950974954318
231.457341281644
217.549790940768
226.887093500189
224.563388420169
220.815306426413
224.012686943220
232.032908232075
231.986247855647
240.918602937068
240.672713796568
241.857332159800
242.453633504167
232.042227359602
226.825185425161
231.379814583740
232.768599880459
227.704146012390
242.570995637374
243.276173251299
237.833605143997
248.252495298198
248.237798400381
252.944532822186
255.109779644077
275.095428228182
275.066742136705
278.506340649986
278.672824845701
277.522806782130
275.887912793894
275.071563833624
273.228916608500
300.147145360145
299.851855524004
291.662113652946
290.491319745334
285.535409761215
285.914447750392
274.097626791790
274.632319775787
268.964965203711
270.065467229531
275.144406040051
275.226150899419
252.698972900146
249.989784498095
254.264383465312
258.927584862585
262.749049557929
256.963238913830
250.942930916279
238.163478399690
239.762712865128
208.170094482921
214.722133682447
219.620623256539
227.927590415558
228.593182583468
228.922240054626
229.377008405030
220.179144967970
220.306038417501
219.493137779206
223.477616552332
219.444621418301
231.929281557524
232.450906086077
235.726102015541
236.250417308072
239.727129665775
242.829804957257
236.868708372349
231.755587924554
236.939102204310
208.248937000697
208.864804194250
210.591648634683
217.626871030399
215.897661423349
236.122432236447
233.490329860244
239.666791867374
250.505827042134
258.193839456708
264.254354490501
261.497374706019
262.171740449686
253.293272326501
246.342835134189
239.071301430520
272.347136507289
267.832509122167
272.829492027052
272.809390731550
261.859568535065
261.985582573355
262.069516448671
262.226719070517
246.184575043239
245.548556029207
259.904090903300
275.657196400194
249.238215985283
238.015653114102
231.317150311347
220.538202457783
226.287655816458
226.038334885083
222.734698900455
222.799606586813
213.735526365221
215.006684279753
226.235639569448
228.577226061868
229.380450607648
236.562879101585
233.726860794935
225.168930817091
215.129198439302
231.501236152363
233.379582106361
234.930531695515
233.151738086517
228.289659090372
223.038248353842
214.884112763464
211.823783021260
212.506795335622
204.853327905999
213.132369209091
225.648187110363
251.002470156583
247.294202008771
243.356401985687
242.973076402671
240.847728779621
243.474581565597
257.549264333446
259.973309172724
266.066385699147
267.192879578638
256.666448882438
258.694743754885
277.275620448239
248.601306205179
247.082598882754
212.902576462615
211.889440417051
199.304318332059
206.597760529632
213.500848343312
215.708882355253
213.291490932413
207.637807158931
200.640934811652
201.378541812069
219.267120408250
219.238384014256
198.164147970294
216.077196667778
223.058850808018
224.324638400000
225.175024232540
234.188143602616
233.714743064925
226.238753019915
229.025999890658
235.125292975818
236.120412353721
228.214042704122
256.154057195982
252.908955052397
239.680427719793
242.059830248376
245.527655314550
259.094377016257
198.798079015923
198.078837906381
193.839352955151
192.819294235149
188.458440439227
211.506034355570
199.687273814633
96.8013316170692
205.775449511940
173.190238072032
173.366501260523
193.448563851856
214.503036029779
211.477439032025
220.051972246095
218.533391789120
226.375799491522
195.510141688174
186.645621529020
180.215591884285
173.728596075177
140.581126439013
140.505788464173
148.474688413631
255.857028395856
258.294887789376
255.102836910955
246.747694110366
250.169595330309
253.326382926746
255.106807516733
258.808941739382
257.672723078494
246.590241874010
259.162221338471
261.613791513384
242.451201020675
255.585582326515
257.236747056470
252.535844382767
246.695444807556
263.629113853367
257.028749119232
249.419372784655
258.963309663253
249.190982600851
242.012280086893
257.749322726909
246.658730750588
252.745033300332
257.770989529305
256.115033115003
258.041448649305
259.075618268703
258.560731911811
238.934588099333
236.474511097881
246.102948270488
258.630215194486
263.307422734895
246.607253559002
247.932470408253
261.194336441434
255.051670358623
253.968349095933
250.411451511916
252.826475395214
250.662602501667
253.580129961609
248.899565228945
241.717970842485
242.017718153615
260.218249421604
245.884532459895
256.284580552722
253.965477814510
258.184132535440
252.919923577745
257.619731318216
252.529997546841
252.894209852088
250.515619658010
254.799185526704
252.661140883150
256.146137498045
256.080122403724
246.648823634772
249.669287520390
246.983951172948
248.365120906101
257.521431305451
253.657211050512
243.330269219727
243.625604961926
258.304639428504
256.455641578083
249.675050560539
252.984778349140
259.241560693695
259.375579652540
254.853552544290
255.232592633305
243.656798568884
254.065053440106
242.440529252514
236.870307807112
253.772583830138
256.520385629690
247.306586307494
250.771099375663
250.214857069466
245.949456445433
252.384097114351
252.126051625236
270.682090329207
260.055432433181
258.551785246383
262.122389897806
249.830533466327
267.872936704962
253.575354524258
249.447686872732
260.162227676234
250.859678918035
249.798684045195
258.475878836955
249.415461349694
248.217598637411
254.691605900097
258.001830027213
252.803103551954
258.346931611822
251.386354312481
252.271046671915
260.662765352774
256.773930219193
247.502656919378
259.848363382761
251.235926394674
255.309945111088
253.411285233952
254.310139410749
249.377421986929
247.824909047602
250.306181401571
250.318871707434
252.019645479257
260.836052466783
258.283533580131
249.114856231258
259.824806808420
256.304251207059
255.109431208194
250.094436415279
255.883442331129
254.121202541456
254.087247178887
254.814797293864
253.323442800513
247.850397854056
253.652236573057
246.573152777018
262.002995337433
263.773417457471
249.567552632794
251.954491816862
250.816783757754
253.115148702455
256.674661554598
256.315714425089
235.514914255006
242.435355373777
255.284985839234
255.031650616473
253.260872906936
254.388869779743
253.504927550393
253.509939738508
258.222490127376
254.927641302638
259.648531649653
258.908315160390
259.307224075523
259.348396502312
249.071713065874
247.464084162250
244.786056934311
244.300799918799
247.469372378900
246.742331400324
250.344183274620
249.451719284321
256.880323777714
257.295996538961
252.315757345042
253.701623313863
263.731464099595
263.558386032777
257.772917692924
258.611540075194
248.160986900125
249.316318737030
253.774354200187
255.459194006864
248.929367244247
248.436095355220
245.038873923201
245.879819481936
261.311975372415
261.320849749366
253.160200441120
250.798806129533
253.537282714399
254.468940001673
253.830746846821
253.873233200562
254.778011607001
249.823810608002
257.703200429500
257.835957523236
245.868843364931
245.593869948371
253.133595207794
243.005758567900
245.353323925084
250.417784667715
220.489550057130
120.926917180297
235.346873466621
245.140407988882
224.273532773030
223.406816256899
229.357740802213
199.212451780658
248.579948528550
263.714347983788
229.280008569743
224.766532254778
192.379675459676
217.507262634624
230.203022297294
240.553856805938
220.906706178807
223.947418616971
256.233212965378
246.122132099311
224.884454733999
232.047010855738
247.108752328142
254.125846842207
252.600854816138
226.126941296137
220.281569551410
201.994332909019
208.408676811925
222.992920758328
249.203467669504
251.676528195484
228.276372650400
233.038153813522
225.350044245166
226.049936611454
230.080091828544
228.377098805530
226.339106143784
229.929782566602
261.343537873519
262.941207316292
210.712727724723
222.950640907886
245.631587152230
236.268316291806
255.233547118104
252.572859516026
215.793273887142
187.216779906666
247.655832503147
246.999975543818
258.197927333184
245.492680901167
250.672809477643
242.361233011779
187.586585133818
249.961625791722
237.638447459952
221.895520640760
239.565100988384
247.945994882163
233.117899984969
247.491608444684
223.835409754685
231.018107524213
227.361951380195
224.513450787320
230.099335559117
231.725502401009
225.547226107693
218.536274350924
257.604550775005
256.688701562126
259.217308701878
260.208668011612
247.974875625636
253.742907220539
244.286737545247
245.169484825600
234.678110698978
236.214947002522
228.836286863858
222.472780067759
229.886226523961
225.194595527839
228.962984476589
233.339919664483
212.546509517550
199.767306345520
198.044915519931
162.118555519221
225.342528000298
197.687914161489
224.888759364211
215.847819808795
226.144059666840
234.511627558236
247.606815939473
241.779874653166
253.630359949970
251.035765283492
224.435659591231
219.882865054217
232.584044848585
234.301067507845
224.569802071753
227.970132881180
254.070910314223
260.711555103645
245.971552103601
248.648384586872
243.339054143069
244.380142215508
249.723799218330
249.052093266156
238.911586531774
228.347985748319
214.755981367816
222.401372633529
231.354225296394
239.012391179323
222.515239431739
216.451803535390
252.783480423972
252.742156256934
243.573121806225
253.756580175909
244.907815536598
243.848340733042
224.669492252483
228.483073426084
253.420500754865
229.268090548956
253.083843586311
228.894523054297
205.284339914055
218.657130735644
216.694043979324
227.554838235217
223.586668345196
220.023402888105
9.20259656800542
131.530256973229
224.142179953643
200.147180347321
225.687179035448
234.856350120595
241.372622007178
240.228556962543
244.555791835263
249.171232462801
239.502278151155
234.269036709083
254.232865001728
255.519724983681
210.534001535680
218.562180002302
238.657618310801
244.257140920050
231.542898546687
218.845812876433
203.770146924158
230.139889231116
226.007406129109
215.869398159224
225.182661688572
213.601302288475
225.631863666089
227.800680529291
224.612562418484
227.594561135972
226.842649715099
224.833867175614
225.133375466338
233.834975467954
228.239631083203
224.583019832862
224.680060328798
232.355871665519
239.064395660794
233.490696339967
236.160080933809
234.292252961729
257.516279593181
253.852323132579
263.459265216895
262.193662484485
254.963161838695
253.200072516234
245.605010585985
231.177597981993
225.969716161971
222.620001956173
197.223560368926
229.341243793272
223.260104352681
211.232358028019
